0.0 3.1692133559705717 100.0
0.01 3.1692133559705717 100.0
0.02 3.1692133559705717 100.0
0.03 3.1692133559705717 100.0
0.04 3.1692133559705717 100.0
0.05 3.1692133559705717 100.0
0.06 3.1692133559705717 100.0
0.07 3.1692133559705717 100.0
0.08 3.1692133559705717 100.0
0.09 3.1692133559705717 100.0
0.1 3.1692133559705717 100.0
0.11 3.1692133559705717 100.0
0.12 3.1692133559705717 100.0
0.13 3.1692133559705717 100.0
0.14 3.1692133559705717 100.0
0.15 3.1692133559705717 100.0
0.16 3.1692133559705717 100.0
0.17 3.1692133559705717 100.0
0.18 3.1692133559705717 100.0
0.19 3.1692133559705717 100.0
0.2 3.1692133559705717 100.0
0.21 3.1692133559705717 100.0
0.22 3.1692133559705717 100.0
0.23 3.1692133559705717 100.0
0.24 3.1692133559705717 100.0
0.25 3.1692133559705717 100.0
0.26 3.1692133559705717 100.0
0.27 3.1692133559705717 100.0
0.28 3.1692133559705717 100.0
0.29 3.1692133559705717 100.0
0.3 3.1692133559705717 100.0
0.31 3.1692133559705717 100.0
0.32 3.1692133559705717 100.0
0.33 3.1692133559705717 100.0
0.34 3.1692133559705717 100.0
0.35000000000000003 3.1692133559705717 100.0
0.36 3.1692133559705717 100.0
0.37 3.1710079275198186 100.0
0.38 3.1710079275198186 100.0
0.39 3.1710079275198186 100.0
0.4 3.1710079275198186 100.0
0.41000000000000003 3.1746031746031744 100.0
0.42 3.1782065834279227 100.0
0.43 3.1818181818181817 100.0
0.44 3.190883190883191 100.0
0.45 3.2110091743119265 100.0
0.46 3.2351242056614673 100.0
0.47000000000000003 3.2767700409596254 100.0
0.48 3.264094955489614 98.21428571428571
0.49 3.3313143549364024 98.21428571428571
0.5 3.450439146800502 98.21428571428571
0.51 3.527106466361855 96.42857142857143
0.52 3.6759700476514636 96.42857142857143
0.53 3.953147877013177 96.42857142857143
0.54 4.209690230341541 94.64285714285714
0.55 4.537366548042705 91.07142857142857
0.56 4.914744232698094 87.5
0.5700000000000001 5.3927315357561545 82.14285714285714
0.58 6.089309878213802 80.35714285714286
0.59 6.354515050167224 67.85714285714286
0.6 7.613168724279835 66.07142857142857
0.61 8.673469387755102 60.714285714285715
0.62 10.410094637223974 58.92857142857143
0.63 11.857707509881424 53.57142857142857
0.64 14.673913043478262 48.214285714285715
0.65 17.6056338028169 44.642857142857146
0.66 21.69811320754717 41.07142857142857
0.67 25.0 33.92857142857143
0.68 29.23076923076923 33.92857142857143
0.6900000000000001 32.075471698113205 30.357142857142858
0.7000000000000001 35.8974358974359 25.0
0.71 35.714285714285715 17.857142857142858
0.72 40.90909090909091 16.071428571428573
0.73 43.75 12.5
0.74 33.333333333333336 5.357142857142857
0.75 33.333333333333336 5.357142857142857
0.76 42.857142857142854 5.357142857142857
0.77 25.0 1.7857142857142858
0.78 33.333333333333336 1.7857142857142858
0.79 33.333333333333336 1.7857142857142858
0.8 50.0 1.7857142857142858
0.81 50.0 1.7857142857142858
0.8200000000000001 50.0 1.7857142857142858
0.8300000000000001 100.0 1.7857142857142858
0.84 100.0 1.7857142857142858
0.85 100.0 1.7857142857142858
0.86 100.0 1.7857142857142858
0.87 100.0 1.7857142857142858
0.88 100.0 1.7857142857142858
0.89 100.0 1.7857142857142858
0.9 100.0 1.7857142857142858
0.91 NaN 0.0
0.92 NaN 0.0
0.93 NaN 0.0
0.9400000000000001 NaN 0.0
0.9500000000000001 NaN 0.0
0.96 NaN 0.0
0.97 NaN 0.0
0.98 NaN 0.0
0.99 NaN 0.0
1.0 NaN 0.0
