0.0 3.1692133559705717 100.0
0.01 3.1710079275198186 100.0
0.02 3.1710079275198186 100.0
0.03 3.1710079275198186 100.0
0.04 3.1710079275198186 100.0
0.05 3.1710079275198186 100.0
0.06 3.1710079275198186 100.0
0.07 3.1710079275198186 100.0
0.08 3.1710079275198186 100.0
0.09 3.1728045325779037 100.0
0.1 3.1746031746031744 100.0
0.11 3.1782065834279227 100.0
0.12 3.1818181818181817 100.0
0.13 3.185437997724687 100.0
0.14 3.190883190883191 100.0
0.15 3.2 100.0
0.16 3.2054951345163136 100.0
0.17 3.21285140562249 100.0
0.18 3.225806451612903 100.0
0.19 3.255813953488372 100.0
0.2 3.2844574780058653 100.0
0.21 3.3136094674556213 100.0
0.22 3.3472803347280333 100.0
0.23 3.3353547604608855 98.21428571428571
0.24 3.3846153846153846 98.21428571428571
0.25 3.4547738693467336 98.21428571428571
0.26 3.539253539253539 98.21428571428571
0.27 3.6231884057971016 98.21428571428571
0.28 3.7112010796221324 98.21428571428571
0.29 3.8141470180305133 98.21428571428571
0.3 3.9313795568263044 98.21428571428571
0.31 4.089219330855019 98.21428571428571
0.32 4.18280402788536 96.42857142857143
0.33 4.358353510895884 96.42857142857143
0.34 4.421768707482993 92.85714285714286
0.35000000000000003 4.609929078014185 92.85714285714286
0.36 4.811320754716981 91.07142857142857
0.37 5.209397344228805 91.07142857142857
0.38 5.6415929203539825 91.07142857142857
0.39 6.093189964157706 91.07142857142857
0.4 6.396866840731071 87.5
0.41000000000000003 6.808510638297872 85.71428571428571
0.42 6.944444444444445 80.35714285714286
0.43 7.4450084602368864 78.57142857142857
0.44 7.865168539325842 75.0
0.45 8.492569002123142 71.42857142857143
0.46 9.352517985611511 69.64285714285714
0.47000000000000003 11.142857142857142 69.64285714285714
0.48 12.0 64.28571428571429
0.49 13.20754716981132 62.5
0.5 15.315315315315315 60.714285714285715
0.51 15.343915343915343 51.785714285714285
0.52 16.95906432748538 51.785714285714285
0.53 17.880794701986755 48.214285714285715
0.54 19.083969465648856 44.642857142857146
0.55 18.96551724137931 39.285714285714285
0.56 21.21212121212121 37.5
0.5700000000000001 22.352941176470587 33.92857142857143
0.58 25.37313432835821 30.357142857142858
0.59 28.571428571428573 28.571428571428573
0.6 33.333333333333336 26.785714285714285
0.61 41.666666666666664 26.785714285714285
0.62 42.42424242424242 25.0
0.63 52.0 23.214285714285715
0.64 45.45454545454545 17.857142857142858
0.65 42.10526315789474 14.285714285714286
0.66 50.0 14.285714285714286
0.67 58.333333333333336 12.5
0.68 58.333333333333336 12.5
0.6900000000000001 58.333333333333336 12.5
0.7000000000000001 66.66666666666667 10.714285714285714
0.71 62.5 8.928571428571429
0.72 71.42857142857143 8.928571428571429
0.73 71.42857142857143 8.928571428571429
0.74 66.66666666666667 7.142857142857143
0.75 50.0 3.5714285714285716
0.76 50.0 3.5714285714285716
0.77 66.66666666666667 3.5714285714285716
0.78 66.66666666666667 3.5714285714285716
0.79 66.66666666666667 3.5714285714285716
0.8 66.66666666666667 3.5714285714285716
0.81 50.0 1.7857142857142858
0.8200000000000001 100.0 1.7857142857142858
0.8300000000000001 100.0 1.7857142857142858
0.84 100.0 1.7857142857142858
0.85 100.0 1.7857142857142858
0.86 100.0 1.7857142857142858
0.87 100.0 1.7857142857142858
0.88 100.0 1.7857142857142858
0.89 100.0 1.7857142857142858
0.9 100.0 1.7857142857142858
0.91 100.0 1.7857142857142858
0.92 100.0 1.7857142857142858
0.93 100.0 1.7857142857142858
0.9400000000000001 100.0 1.7857142857142858
0.9500000000000001 100.0 1.7857142857142858
0.96 100.0 1.7857142857142858
0.97 100.0 1.7857142857142858
0.98 100.0 1.7857142857142858
0.99 100.0 1.7857142857142858
1.0 100.0 1.7857142857142858
