0.0 3.1692133559705717 100.0 6.143719144267691
0.01 3.233256351039261 100.0 6.263982102908278
0.02 3.240740740740741 100.0 6.278026905829596
0.03 3.2482598607888633 100.0 6.292134831460674
0.04 3.26150262085032 100.0 6.316976875352509
0.05 3.2729398012857978 100.0 6.3384267119411435
0.06 3.28253223915592 100.0 6.356413166855845
0.07 3.303834808259587 100.0 6.396344945745289
0.08 3.3057851239669422 100.0 6.4
0.09 3.329369797859691 100.0 6.444188722669736
0.1 3.349282296650718 100.0 6.481481481481482
0.11 3.3734939759036147 100.0 6.526806526806528
0.12 3.391883706844337 100.0 6.561218512009373
0.13 3.412553321145643 100.0 6.599882144961697
0.14 3.437691835481891 100.0 6.646884272997033
0.15 3.4869240348692405 100.0 6.738868832731648
0.16 3.510971786833856 100.0 6.7837674136886745
0.17 3.5443037974683542 100.0 6.845965770171148
0.18 3.5782747603833864 100.0 6.909315237507712
0.19 3.6434612882238127 100.0 7.030759573132454
0.2 3.691496374423204 100.0 7.12015257469803
0.21 3.760913364674278 100.0 7.249190938511326
0.22 3.8251366120218577 100.0 7.368421052631579
0.23 3.905160390516039 100.0 7.516778523489933
0.24 4.008589835361489 100.0 7.7081899518238135
0.25 4.0 98.21428571428571 7.686932215234102
0.26 4.083147735708983 98.21428571428571 7.8403421240199584
0.27 4.150943396226415 98.21428571428571 7.965242577842144
0.28 4.086353122590594 94.64285714285714 7.834441980783444
0.29 4.189723320158103 94.64285714285714 8.024224072672217
0.3 4.305442729488221 94.64285714285714 8.236208236208236
0.31 4.340567612687813 92.85714285714286 8.293460925039874
0.32 4.421768707482993 92.85714285714286 8.44155844155844
0.33 4.545454545454546 92.85714285714286 8.666666666666668
0.34 4.684684684684685 92.85714285714286 8.919382504288166
0.35000000000000003 4.837209302325581 92.85714285714286 9.195402298850576
0.36 5.058365758754864 92.85714285714286 9.59409594095941
0.37 5.168986083499006 92.85714285714286 9.792843691148777
0.38 5.416666666666667 92.85714285714286 10.236220472440944
0.39 5.627705627705628 92.85714285714286 10.612244897959185
0.4 5.8165548098434 92.85714285714286 10.947368421052634
0.41000000000000003 5.99294947121034 91.07142857142857 11.245865490628445
0.42 6.211936662606577 91.07142857142857 11.630558722919043
0.43 6.538461538461538 91.07142857142857 12.200956937799045
0.44 6.746031746031746 91.07142857142857 12.561576354679804
0.45 7.083333333333333 91.07142857142857 13.144329896907216
0.46 7.348703170028818 91.07142857142857 13.600000000000001
0.47000000000000003 7.424242424242424 87.5 13.687150837988828
0.48 7.740916271721959 87.5 14.223512336719883
0.49 8.13953488372093 87.5 14.893617021276597
0.5 8.506944444444445 87.5 15.506329113924052
0.51 8.872458410351202 85.71428571428571 16.080402010050253
0.52 9.448818897637794 85.71428571428571 17.02127659574468
0.53 9.771309771309772 83.92857142857143 17.50465549348231
0.54 10.307017543859649 83.92857142857143 18.359375
0.55 10.87962962962963 83.92857142857143 19.262295081967213
0.56 11.519607843137255 83.92857142857143 20.258620689655174
0.5700000000000001 11.989795918367347 83.92857142857143 20.982142857142858
0.58 12.064343163538874 80.35714285714286 20.979020979020977
0.59 12.29050279329609 78.57142857142857 21.256038647342997
0.6 12.684365781710914 76.78571428571429 21.772151898734176
0.61 13.271604938271604 76.78571428571429 22.63157894736842
0.62 13.96103896103896 76.78571428571429 23.626373626373624
0.63 14.482758620689655 75.0 24.277456647398846
0.64 15.0 75.0 25.0
0.65 15.413533834586467 73.21428571428571 25.46583850931677
0.66 15.873015873015873 71.42857142857143 25.974025974025974
0.67 16.666666666666668 71.42857142857143 27.027027027027028
0.68 17.316017316017316 71.42857142857143 27.874564459930312
0.6900000000000001 17.972350230414747 69.64285714285714 28.57142857142857
0.7000000000000001 18.877551020408163 66.07142857142857 29.365079365079367
0.71 20.0 66.07142857142857 30.705394190871367
0.72 21.686746987951807 64.28571428571429 32.43243243243243
0.73 22.78481012658228 64.28571428571429 33.64485981308411
0.74 23.12925170068027 60.714285714285715 33.497536945812804
0.75 24.409448818897637 55.357142857142854 33.87978142076503
0.76 25.833333333333332 55.357142857142854 35.22727272727272
0.77 26.08695652173913 53.57142857142857 35.08771929824561
0.78 27.358490566037737 51.785714285714285 35.80246913580247
0.79 29.591836734693878 51.785714285714285 37.66233766233766
0.8 30.208333333333332 51.785714285714285 38.1578947368421
0.81 31.86813186813187 51.785714285714285 39.455782312925166
0.8200000000000001 31.46067415730337 50.0 38.62068965517241
0.8300000000000001 32.94117647058823 50.0 39.716312056737586
0.84 34.5679012345679 50.0 40.87591240875912
0.85 35.44303797468354 50.0 41.48148148148149
0.86 36.36363636363637 50.0 42.10526315789473
0.87 37.142857142857146 46.42857142857143 41.269841269841265
0.88 35.82089552238806 42.857142857142854 39.02439024390244
0.89 35.483870967741936 39.285714285714285 37.28813559322034
0.9 35.0 37.5 36.206896551724135
0.91 35.18518518518518 33.92857142857143 34.54545454545455
0.92 35.84905660377358 33.92857142857143 34.86238532110092
0.93 37.77777777777778 30.357142857142858 33.663366336633665
0.9400000000000001 40.476190476190474 30.357142857142858 34.693877551020414
0.9500000000000001 42.5 30.357142857142858 35.41666666666667
0.96 42.10526315789474 28.571428571428573 34.04255319148936
0.97 43.24324324324324 28.571428571428573 34.40860215053764
0.98 44.44444444444444 28.571428571428573 34.78260869565218
0.99 48.484848484848484 28.571428571428573 35.95505617977528
1.0 48.38709677419355 26.785714285714285 34.48275862068965
