0.0 3.1692133559705717 100.0
0.01 3.1692133559705717 100.0
0.02 3.1692133559705717 100.0
0.03 3.1692133559705717 100.0
0.04 3.1692133559705717 100.0
0.05 3.1692133559705717 100.0
0.06 3.1692133559705717 100.0
0.07 3.1692133559705717 100.0
0.08 3.1692133559705717 100.0
0.09 3.1692133559705717 100.0
0.1 3.1692133559705717 100.0
0.11 3.1692133559705717 100.0
0.12 3.1692133559705717 100.0
0.13 3.1692133559705717 100.0
0.14 3.1692133559705717 100.0
0.15 3.1692133559705717 100.0
0.16 3.1692133559705717 100.0
0.17 3.1692133559705717 100.0
0.18 3.1692133559705717 100.0
0.19 3.1692133559705717 100.0
0.2 3.1692133559705717 100.0
0.21 3.1692133559705717 100.0
0.22 3.1692133559705717 100.0
0.23 3.1692133559705717 100.0
0.24 3.1692133559705717 100.0
0.25 3.1692133559705717 100.0
0.26 3.1692133559705717 100.0
0.27 3.1692133559705717 100.0
0.28 3.1692133559705717 100.0
0.29 3.1692133559705717 100.0
0.3 3.1692133559705717 100.0
0.31 3.1692133559705717 100.0
0.32 3.1692133559705717 100.0
0.33 3.1692133559705717 100.0
0.34 3.1692133559705717 100.0
0.35000000000000003 3.1692133559705717 100.0
0.36 3.1692133559705717 100.0
0.37 3.1692133559705717 100.0
0.38 3.1692133559705717 100.0
0.39 3.1692133559705717 100.0
0.4 3.1728045325779037 100.0
0.41000000000000003 3.1728045325779037 100.0
0.42 3.1764038570618265 100.0
0.43 3.192702394526796 100.0
0.44 3.2054951345163136 100.0
0.45 3.223949337938975 100.0
0.46 3.246376811594203 100.0
0.47000000000000003 3.2767700409596254 100.0
0.48 3.3313503866745986 100.0
0.49 3.416717510677242 100.0
0.5 3.4890965732087227 100.0
0.51 3.6458333333333335 100.0
0.52 3.840877914951989 100.0
0.53 3.9705882352941178 96.42857142857143
0.54 4.408163265306122 96.42857142857143
0.55 4.796380090497737 94.64285714285714
0.56 5.0359712230215825 87.5
0.5700000000000001 5.608591885441528 83.92857142857143
0.58 6.232294617563739 78.57142857142857
0.59 7.3883161512027495 76.78571428571429
0.6 8.583690987124463 71.42857142857143
0.61 10.455764075067025 69.64285714285714
0.62 11.228070175438596 57.142857142857146
0.63 13.777777777777779 55.357142857142854
0.64 14.606741573033707 46.42857142857143
0.65 18.65671641791045 44.642857142857146
0.66 19.607843137254903 35.714285714285715
0.67 23.45679012345679 33.92857142857143
0.68 25.0 30.357142857142858
0.6900000000000001 30.0 26.785714285714285
0.7000000000000001 31.57894736842105 21.428571428571427
0.71 34.48275862068966 17.857142857142858
0.72 33.333333333333336 10.714285714285714
0.73 38.46153846153846 8.928571428571429
0.74 44.44444444444444 7.142857142857143
0.75 42.857142857142854 5.357142857142857
0.76 33.333333333333336 3.5714285714285716
0.77 25.0 1.7857142857142858
0.78 33.333333333333336 1.7857142857142858
0.79 33.333333333333336 1.7857142857142858
0.8 33.333333333333336 1.7857142857142858
0.81 33.333333333333336 1.7857142857142858
0.8200000000000001 33.333333333333336 1.7857142857142858
0.8300000000000001 50.0 1.7857142857142858
0.84 50.0 1.7857142857142858
0.85 50.0 1.7857142857142858
0.86 100.0 1.7857142857142858
0.87 100.0 1.7857142857142858
0.88 100.0 1.7857142857142858
0.89 100.0 1.7857142857142858
0.9 NaN 0.0
0.91 NaN 0.0
0.92 NaN 0.0
0.93 NaN 0.0
0.9400000000000001 NaN 0.0
0.9500000000000001 NaN 0.0
0.96 NaN 0.0
0.97 NaN 0.0
0.98 NaN 0.0
0.99 NaN 0.0
1.0 NaN 0.0
