0.0 3.1692133559705717 100.0 6.143719144267691
0.01 3.3816425120772946 100.0 6.542056074766355
0.02 3.8121170864533696 100.0 7.344262295081967
0.03 4.3076923076923075 100.0 8.259587020648969
0.04 4.852686308492201 100.0 9.256198347107437
0.05 5.436893203883495 100.0 10.313075506445673
0.06 6.054054054054054 100.0 11.416921508664629
0.07 6.779661016949152 100.0 12.698412698412698
0.08 7.4766355140186915 100.0 13.91304347826087
0.09 8.259587020648967 100.0 15.25885558583106
0.1 9.046849757673668 100.0 16.59259259259259
0.11 9.632224168126095 98.21428571428571 17.54385964912281
0.12 10.128913443830571 98.21428571428571 18.363939899833056
0.13 10.978043912175648 98.21428571428571 19.748653500897667
0.14 11.879049676025918 98.21428571428571 21.19460500963391
0.15 12.761020881670534 98.21428571428571 22.587268993839835
0.16 13.447432762836186 98.21428571428571 23.655913978494624
0.17 14.066496163682864 98.21428571428571 24.60850111856823
0.18 14.986376021798366 98.21428571428571 26.004728132387708
0.19 15.895953757225433 98.21428571428571 27.36318407960199
0.2 16.717325227963524 98.21428571428571 28.57142857142857
0.21 17.684887459807072 98.21428571428571 29.972752043596728
0.22 18.51851851851852 98.21428571428571 31.1614730878187
0.23 19.21708185053381 96.42857142857143 32.047477744807125
0.24 20.149253731343283 96.42857142857143 33.333333333333336
0.25 21.343873517786562 96.42857142857143 34.95145631067961
0.26 22.31404958677686 96.42857142857143 36.24161073825504
0.27 22.80701754385965 92.85714285714286 36.61971830985916
0.28 23.963133640552996 92.85714285714286 38.095238095238095
0.29 25.365853658536587 92.85714285714286 39.84674329501915
0.3 25.12562814070352 89.28571428571429 39.21568627450981
0.31 26.17801047120419 89.28571428571429 40.48582995951417
0.32 27.624309392265193 89.28571428571429 42.19409282700422
0.33 27.624309392265193 89.28571428571429 42.19409282700422
0.34 28.571428571428573 89.28571428571429 43.29004329004329
0.35000000000000003 28.823529411764707 87.5 43.36283185840708
0.36 30.061349693251532 87.5 44.74885844748858
0.37 32.02614379084967 87.5 46.88995215311005
0.38 33.80281690140845 85.71428571428571 48.484848484848484
0.39 33.8235294117647 82.14285714285714 47.916666666666664
0.4 34.58646616541353 82.14285714285714 48.67724867724868
0.41000000000000003 34.61538461538461 80.35714285714286 48.387096774193544
0.42 35.77235772357724 78.57142857142857 49.16201117318437
0.43 35.65217391304348 73.21428571428571 47.953216374269005
0.44 37.61467889908257 73.21428571428571 49.696969696969695
0.45 39.04761904761905 73.21428571428571 50.931677018633536
0.46 40.4040404040404 71.42857142857143 51.612903225806456
0.47000000000000003 42.10526315789474 71.42857142857143 52.980132450331126
0.48 43.47826086956522 71.42857142857143 54.05405405405405
0.49 43.333333333333336 69.64285714285714 53.42465753424657
0.5 44.18604651162791 67.85714285714286 53.521126760563384
0.51 45.23809523809524 67.85714285714286 54.28571428571429
0.52 45.0 64.28571428571429 52.94117647058824
0.53 45.45454545454545 62.5 52.631578947368425
0.54 46.05263157894737 62.5 53.030303030303024
0.55 46.05263157894737 62.5 53.030303030303024
0.56 47.945205479452056 62.5 54.26356589147287
0.5700000000000001 48.611111111111114 62.5 54.68750000000001
0.58 49.29577464788732 62.5 55.11811023622047
0.59 50.72463768115942 62.5 56.0
0.6 50.0 60.714285714285715 54.83870967741935
0.61 50.74626865671642 60.714285714285715 55.28455284552845
0.62 53.125 60.714285714285715 56.66666666666666
0.63 54.09836065573771 58.92857142857143 56.41025641025641
0.64 54.09836065573771 58.92857142857143 56.41025641025641
0.65 54.09836065573771 58.92857142857143 56.41025641025641
0.66 54.09836065573771 58.92857142857143 56.41025641025641
0.67 54.09836065573771 58.92857142857143 56.41025641025641
0.68 55.0 58.92857142857143 56.896551724137936
0.6900000000000001 55.0 58.92857142857143 56.896551724137936
0.7000000000000001 55.172413793103445 57.142857142857146 56.14035087719298
0.71 56.36363636363637 55.357142857142854 55.85585585585586
0.72 57.407407407407405 55.357142857142854 56.36363636363636
0.73 58.8235294117647 53.57142857142857 56.07476635514018
0.74 58.0 51.785714285714285 54.716981132075475
0.75 58.333333333333336 50.0 53.84615384615385
0.76 59.57446808510638 50.0 54.36893203883495
0.77 58.69565217391305 48.214285714285715 52.941176470588246
0.78 57.77777777777778 46.42857142857143 51.48514851485149
0.79 57.77777777777778 46.42857142857143 51.48514851485149
0.8 57.77777777777778 46.42857142857143 51.48514851485149
0.81 59.09090909090909 46.42857142857143 52.00000000000001
0.8200000000000001 61.904761904761905 46.42857142857143 53.06122448979591
0.8300000000000001 65.0 46.42857142857143 54.16666666666667
0.84 65.0 46.42857142857143 54.16666666666667
0.85 65.0 46.42857142857143 54.16666666666667
0.86 64.1025641025641 44.642857142857146 52.63157894736842
0.87 64.1025641025641 44.642857142857146 52.63157894736842
0.88 64.1025641025641 44.642857142857146 52.63157894736842
0.89 66.66666666666667 42.857142857142854 52.173913043478265
0.9 68.57142857142857 42.857142857142854 52.74725274725275
0.91 68.57142857142857 42.857142857142854 52.74725274725275
0.92 68.57142857142857 42.857142857142854 52.74725274725275
0.93 68.57142857142857 42.857142857142854 52.74725274725275
0.9400000000000001 68.57142857142857 42.857142857142854 52.74725274725275
0.9500000000000001 70.58823529411765 42.857142857142854 53.33333333333333
0.96 69.6969696969697 41.07142857142857 51.68539325842696
0.97 71.875 41.07142857142857 52.27272727272727
0.98 71.875 41.07142857142857 52.27272727272727
0.99 74.19354838709677 41.07142857142857 52.8735632183908
1.0 74.19354838709677 41.07142857142857 52.8735632183908
