0.0 3.1692133559705717 100.0
0.01 3.1710079275198186 100.0
0.02 3.1710079275198186 100.0
0.03 3.1746031746031744 100.0
0.04 3.1746031746031744 100.0
0.05 3.1746031746031744 100.0
0.06 3.1782065834279227 100.0
0.07 3.183627060830017 100.0
0.08 3.185437997724687 100.0
0.09 3.187250996015936 100.0
0.1 3.190883190883191 100.0
0.11 3.192702394526796 100.0
0.12 3.1963470319634704 100.0
0.13 3.207331042382589 100.0
0.14 3.2165422171166 100.0
0.15 3.229527104959631 100.0
0.16 3.246376811594203 100.0
0.17 3.2710280373831777 100.0
0.18 3.292181069958848 100.0
0.19 3.3175355450236967 100.0
0.2 3.3452807646356035 100.0
0.21 3.3980582524271843 100.0
0.22 3.450400492914356 100.0
0.23 3.5353535353535355 100.0
0.24 3.539253539253539 98.21428571428571
0.25 3.554970375246873 96.42857142857143
0.26 3.638814016172507 96.42857142857143
0.27 3.6985345429169576 94.64285714285714
0.28 3.7790697674418605 92.85714285714286
0.29 3.948367501898254 92.85714285714286
0.3 4.07673860911271 91.07142857142857
0.31 4.318374259102455 91.07142857142857
0.32 4.276615104640582 83.92857142857143
0.33 4.558680892337536 83.92857142857143
0.34 4.906054279749478 83.92857142857143
0.35000000000000003 5.057471264367816 78.57142857142857
0.36 5.229591836734694 73.21428571428571
0.37 5.477528089887641 69.64285714285714
0.38 6.041335453100159 67.85714285714286
0.39 6.859205776173285 67.85714285714286
0.4 7.20164609053498 62.5
0.41000000000000003 7.339449541284404 57.142857142857146
0.42 8.488063660477454 57.142857142857146
0.43 9.30930930930931 55.357142857142854
0.44 10.273972602739725 53.57142857142857
0.45 12.76595744680851 53.57142857142857
0.46 13.930348258706468 50.0
0.47000000000000003 14.204545454545455 44.642857142857146
0.48 16.107382550335572 42.857142857142854
0.49 18.181818181818183 42.857142857142854
0.5 19.469026548672566 39.285714285714285
0.51 19.0 33.92857142857143
0.52 21.176470588235293 32.142857142857146
0.53 22.857142857142858 28.571428571428573
0.54 26.229508196721312 28.571428571428573
0.55 24.528301886792452 23.214285714285715
0.56 27.272727272727273 21.428571428571427
0.5700000000000001 27.027027027027028 17.857142857142858
0.58 29.41176470588235 17.857142857142858
0.59 25.0 12.5
0.6 26.923076923076923 12.5
0.61 27.272727272727273 10.714285714285714
0.62 29.41176470588235 8.928571428571429
0.63 35.714285714285715 8.928571428571429
0.64 38.46153846153846 8.928571428571429
0.65 30.0 5.357142857142857
0.66 37.5 5.357142857142857
0.67 33.333333333333336 3.5714285714285716
0.68 40.0 3.5714285714285716
0.6900000000000001 40.0 3.5714285714285716
0.7000000000000001 40.0 3.5714285714285716
0.71 40.0 3.5714285714285716
0.72 40.0 3.5714285714285716
0.73 40.0 3.5714285714285716
0.74 40.0 3.5714285714285716
0.75 40.0 3.5714285714285716
0.76 40.0 3.5714285714285716
0.77 25.0 1.7857142857142858
0.78 33.333333333333336 1.7857142857142858
0.79 50.0 1.7857142857142858
0.8 50.0 1.7857142857142858
0.81 50.0 1.7857142857142858
0.8200000000000001 50.0 1.7857142857142858
0.8300000000000001 50.0 1.7857142857142858
0.84 50.0 1.7857142857142858
0.85 50.0 1.7857142857142858
0.86 50.0 1.7857142857142858
0.87 50.0 1.7857142857142858
0.88 50.0 1.7857142857142858
0.89 50.0 1.7857142857142858
0.9 100.0 1.7857142857142858
0.91 100.0 1.7857142857142858
0.92 100.0 1.7857142857142858
0.93 100.0 1.7857142857142858
0.9400000000000001 100.0 1.7857142857142858
0.9500000000000001 100.0 1.7857142857142858
0.96 100.0 1.7857142857142858
0.97 100.0 1.7857142857142858
0.98 100.0 1.7857142857142858
0.99 100.0 1.7857142857142858
1.0 100.0 1.7857142857142858
