-1.0 3.1692133559705717 100.0
-0.99 3.1692133559705717 100.0
-0.98 3.1692133559705717 100.0
-0.97 3.1692133559705717 100.0
-0.96 3.1692133559705717 100.0
-0.9500000000000001 3.1692133559705717 100.0
-0.9400000000000001 3.1692133559705717 100.0
-0.93 3.1692133559705717 100.0
-0.92 3.1692133559705717 100.0
-0.91 3.1692133559705717 100.0
-0.9 3.1692133559705717 100.0
-0.89 3.1692133559705717 100.0
-0.88 3.1692133559705717 100.0
-0.87 3.1692133559705717 100.0
-0.86 3.1692133559705717 100.0
-0.85 3.1692133559705717 100.0
-0.84 3.1692133559705717 100.0
-0.8300000000000001 3.1692133559705717 100.0
-0.8200000000000001 3.1692133559705717 100.0
-0.81 3.1692133559705717 100.0
-0.8 3.1692133559705717 100.0
-0.79 3.1692133559705717 100.0
-0.78 3.1692133559705717 100.0
-0.77 3.1692133559705717 100.0
-0.76 3.1692133559705717 100.0
-0.75 3.1692133559705717 100.0
-0.74 3.1692133559705717 100.0
-0.73 3.1692133559705717 100.0
-0.72 3.1692133559705717 100.0
-0.71 3.1692133559705717 100.0
-0.7000000000000001 3.1692133559705717 100.0
-0.6900000000000001 3.1692133559705717 100.0
-0.68 3.1692133559705717 100.0
-0.67 3.1692133559705717 100.0
-0.66 3.1692133559705717 100.0
-0.65 3.1692133559705717 100.0
-0.64 3.1692133559705717 100.0
-0.63 3.1692133559705717 100.0
-0.62 3.1692133559705717 100.0
-0.61 3.1692133559705717 100.0
-0.6 3.1692133559705717 100.0
-0.59 3.1692133559705717 100.0
-0.58 3.1692133559705717 100.0
-0.5700000000000001 3.1692133559705717 100.0
-0.56 3.1692133559705717 100.0
-0.55 3.1692133559705717 100.0
-0.54 3.1692133559705717 100.0
-0.53 3.1692133559705717 100.0
-0.52 3.1692133559705717 100.0
-0.51 3.1692133559705717 100.0
-0.5 3.1692133559705717 100.0
-0.49 3.1692133559705717 100.0
-0.48 3.1692133559705717 100.0
-0.47000000000000003 3.1692133559705717 100.0
-0.46 3.1692133559705717 100.0
-0.45 3.1692133559705717 100.0
-0.44 3.1692133559705717 100.0
-0.43 3.1692133559705717 100.0
-0.42 3.1692133559705717 100.0
-0.41000000000000003 3.1692133559705717 100.0
-0.4 3.1692133559705717 100.0
-0.39 3.1692133559705717 100.0
-0.38 3.1692133559705717 100.0
-0.37 3.1692133559705717 100.0
-0.36 3.1692133559705717 100.0
-0.35000000000000003 3.1692133559705717 100.0
-0.34 3.1692133559705717 100.0
-0.33 3.1692133559705717 100.0
-0.32 3.1692133559705717 100.0
-0.31 3.1692133559705717 100.0
-0.3 3.1692133559705717 100.0
-0.29 3.1692133559705717 100.0
-0.28 3.1692133559705717 100.0
-0.27 3.1692133559705717 100.0
-0.26 3.1692133559705717 100.0
-0.25 3.1692133559705717 100.0
-0.24 3.1692133559705717 100.0
-0.23 3.1692133559705717 100.0
-0.22 3.1692133559705717 100.0
-0.21 3.1692133559705717 100.0
-0.2 3.1692133559705717 100.0
-0.19 3.1692133559705717 100.0
-0.18 3.1692133559705717 100.0
-0.17 3.1692133559705717 100.0
-0.16 3.1692133559705717 100.0
-0.15 3.1692133559705717 100.0
-0.14 3.1692133559705717 100.0
-0.13 3.1692133559705717 100.0
-0.12 3.1692133559705717 100.0
-0.11 3.1692133559705717 100.0
-0.1 3.1692133559705717 100.0
-0.09 3.1692133559705717 100.0
-0.08 3.1692133559705717 100.0
-0.07 3.1692133559705717 100.0
-0.06 3.1692133559705717 100.0
-0.05 3.1692133559705717 100.0
-0.04 3.1692133559705717 100.0
-0.03 3.1692133559705717 100.0
-0.02 3.1692133559705717 100.0
-0.01 3.1692133559705717 100.0
0.0 3.1692133559705717 100.0
0.01 3.1692133559705717 100.0
0.02 3.1692133559705717 100.0
0.03 3.1692133559705717 100.0
0.04 3.1692133559705717 100.0
0.05 3.1692133559705717 100.0
0.06 3.1692133559705717 100.0
0.07 3.1692133559705717 100.0
0.08 3.1692133559705717 100.0
0.09 3.1692133559705717 100.0
0.1 3.1692133559705717 100.0
0.11 3.1692133559705717 100.0
0.12 3.1692133559705717 100.0
0.13 3.1692133559705717 100.0
0.14 3.1692133559705717 100.0
0.15 3.1692133559705717 100.0
0.16 3.1692133559705717 100.0
0.17 3.1692133559705717 100.0
0.18 3.1692133559705717 100.0
0.19 3.1692133559705717 100.0
0.2 3.1692133559705717 100.0
0.21 3.1692133559705717 100.0
0.22 3.1692133559705717 100.0
0.23 3.1692133559705717 100.0
0.24 3.1692133559705717 100.0
0.25 3.1692133559705717 100.0
0.26 3.1692133559705717 100.0
0.27 3.1692133559705717 100.0
0.28 3.1692133559705717 100.0
0.29 3.1692133559705717 100.0
0.3 3.1692133559705717 100.0
0.31 3.1692133559705717 100.0
0.32 3.1692133559705717 100.0
0.33 3.1692133559705717 100.0
0.34 3.1692133559705717 100.0
0.35000000000000003 3.1692133559705717 100.0
0.36 3.1692133559705717 100.0
0.37 3.1692133559705717 100.0
0.38 3.1692133559705717 100.0
0.39 3.1692133559705717 100.0
0.4 3.1692133559705717 100.0
0.41000000000000003 3.1692133559705717 100.0
0.42 3.1710079275198186 100.0
0.43 3.1710079275198186 100.0
0.44 3.1746031746031744 100.0
0.45 3.1782065834279227 100.0
0.46 3.1800113571834183 100.0
0.47000000000000003 3.187250996015936 100.0
0.48 3.190883190883191 100.0
0.49 3.198172472872644 100.0
0.5 3.2202415181138586 100.0
0.51 3.250145095763204 100.0
0.52 3.3116499112950915 100.0
0.53 3.3836858006042294 100.0
0.54 3.3540372670807455 96.42857142857143
0.55 3.486120077469335 96.42857142857143
0.56 3.6635006784260518 96.42857142857143
0.5700000000000001 3.8686131386861313 94.64285714285714
0.58 4.226475279106858 94.64285714285714
0.59 4.48943661971831 91.07142857142857
0.6 4.832347140039448 87.5
0.61 5.3156146179401995 85.71428571428571
0.62 5.710659898477157 80.35714285714286
0.63 6.184012066365008 73.21428571428571
0.64 6.617647058823529 64.28571428571429
0.65 7.8125 62.5
0.66 8.333333333333334 53.57142857142857
0.67 10.144927536231885 50.0
0.68 10.599078341013826 41.07142857142857
0.6900000000000001 14.375 41.07142857142857
0.7000000000000001 15.671641791044776 37.5
0.71 20.43010752688172 33.92857142857143
0.72 24.285714285714285 30.357142857142858
0.73 26.41509433962264 25.0
0.74 33.333333333333336 17.857142857142858
0.75 40.90909090909091 16.071428571428573
0.76 42.857142857142854 16.071428571428573
0.77 40.0 10.714285714285714
0.78 36.36363636363637 7.142857142857143
0.79 33.333333333333336 3.5714285714285716
0.8 33.333333333333336 3.5714285714285716
0.81 25.0 1.7857142857142858
0.8200000000000001 33.333333333333336 1.7857142857142858
0.8300000000000001 50.0 1.7857142857142858
0.84 50.0 1.7857142857142858
0.85 50.0 1.7857142857142858
0.86 100.0 1.7857142857142858
0.87 100.0 1.7857142857142858
0.88 100.0 1.7857142857142858
0.89 100.0 1.7857142857142858
0.9 100.0 1.7857142857142858
0.91 100.0 1.7857142857142858
0.92 100.0 1.7857142857142858
0.93 100.0 1.7857142857142858
0.9400000000000001 NaN 0.0
0.9500000000000001 NaN 0.0
0.96 NaN 0.0
0.97 NaN 0.0
0.98 NaN 0.0
0.99 NaN 0.0
1.0 NaN 0.0
