-1.0 3.1692133559705717 100.0
-0.99 3.1692133559705717 100.0
-0.98 3.1692133559705717 100.0
-0.97 3.1692133559705717 100.0
-0.96 3.1692133559705717 100.0
-0.9500000000000001 3.1692133559705717 100.0
-0.9400000000000001 3.1692133559705717 100.0
-0.93 3.1692133559705717 100.0
-0.92 3.1692133559705717 100.0
-0.91 3.1692133559705717 100.0
-0.9 3.1692133559705717 100.0
-0.89 3.1692133559705717 100.0
-0.88 3.1692133559705717 100.0
-0.87 3.1692133559705717 100.0
-0.86 3.1692133559705717 100.0
-0.85 3.1692133559705717 100.0
-0.84 3.1692133559705717 100.0
-0.8300000000000001 3.1692133559705717 100.0
-0.8200000000000001 3.1692133559705717 100.0
-0.81 3.1692133559705717 100.0
-0.8 3.1692133559705717 100.0
-0.79 3.1692133559705717 100.0
-0.78 3.1692133559705717 100.0
-0.77 3.1692133559705717 100.0
-0.76 3.1692133559705717 100.0
-0.75 3.1692133559705717 100.0
-0.74 3.1692133559705717 100.0
-0.73 3.1692133559705717 100.0
-0.72 3.1692133559705717 100.0
-0.71 3.1692133559705717 100.0
-0.7000000000000001 3.1692133559705717 100.0
-0.6900000000000001 3.1692133559705717 100.0
-0.68 3.1692133559705717 100.0
-0.67 3.1692133559705717 100.0
-0.66 3.1692133559705717 100.0
-0.65 3.1692133559705717 100.0
-0.64 3.1692133559705717 100.0
-0.63 3.1692133559705717 100.0
-0.62 3.1692133559705717 100.0
-0.61 3.1692133559705717 100.0
-0.6 3.1692133559705717 100.0
-0.59 3.1692133559705717 100.0
-0.58 3.1692133559705717 100.0
-0.5700000000000001 3.1692133559705717 100.0
-0.56 3.1692133559705717 100.0
-0.55 3.1692133559705717 100.0
-0.54 3.1692133559705717 100.0
-0.53 3.1692133559705717 100.0
-0.52 3.1692133559705717 100.0
-0.51 3.1692133559705717 100.0
-0.5 3.1692133559705717 100.0
-0.49 3.1692133559705717 100.0
-0.48 3.1692133559705717 100.0
-0.47000000000000003 3.1692133559705717 100.0
-0.46 3.1692133559705717 100.0
-0.45 3.1692133559705717 100.0
-0.44 3.1692133559705717 100.0
-0.43 3.1692133559705717 100.0
-0.42 3.1692133559705717 100.0
-0.41000000000000003 3.1692133559705717 100.0
-0.4 3.1692133559705717 100.0
-0.39 3.1692133559705717 100.0
-0.38 3.1692133559705717 100.0
-0.37 3.1692133559705717 100.0
-0.36 3.1692133559705717 100.0
-0.35000000000000003 3.1692133559705717 100.0
-0.34 3.1692133559705717 100.0
-0.33 3.1692133559705717 100.0
-0.32 3.1692133559705717 100.0
-0.31 3.1692133559705717 100.0
-0.3 3.1692133559705717 100.0
-0.29 3.1692133559705717 100.0
-0.28 3.1692133559705717 100.0
-0.27 3.1692133559705717 100.0
-0.26 3.1692133559705717 100.0
-0.25 3.1692133559705717 100.0
-0.24 3.1692133559705717 100.0
-0.23 3.1692133559705717 100.0
-0.22 3.1692133559705717 100.0
-0.21 3.1692133559705717 100.0
-0.2 3.1692133559705717 100.0
-0.19 3.1692133559705717 100.0
-0.18 3.1692133559705717 100.0
-0.17 3.1692133559705717 100.0
-0.16 3.1692133559705717 100.0
-0.15 3.1692133559705717 100.0
-0.14 3.1692133559705717 100.0
-0.13 3.1692133559705717 100.0
-0.12 3.1692133559705717 100.0
-0.11 3.1692133559705717 100.0
-0.1 3.1692133559705717 100.0
-0.09 3.1692133559705717 100.0
-0.08 3.1692133559705717 100.0
-0.07 3.1692133559705717 100.0
-0.06 3.1692133559705717 100.0
-0.05 3.1692133559705717 100.0
-0.04 3.1692133559705717 100.0
-0.03 3.1692133559705717 100.0
-0.02 3.1692133559705717 100.0
-0.01 3.1692133559705717 100.0
0.0 3.1692133559705717 100.0
0.01 3.1692133559705717 100.0
0.02 3.1692133559705717 100.0
0.03 3.1692133559705717 100.0
0.04 3.1692133559705717 100.0
0.05 3.1692133559705717 100.0
0.06 3.1692133559705717 100.0
0.07 3.1692133559705717 100.0
0.08 3.1692133559705717 100.0
0.09 3.1692133559705717 100.0
0.1 3.1692133559705717 100.0
0.11 3.1692133559705717 100.0
0.12 3.1692133559705717 100.0
0.13 3.1692133559705717 100.0
0.14 3.1692133559705717 100.0
0.15 3.1692133559705717 100.0
0.16 3.1692133559705717 100.0
0.17 3.1692133559705717 100.0
0.18 3.1692133559705717 100.0
0.19 3.1692133559705717 100.0
0.2 3.1692133559705717 100.0
0.21 3.1692133559705717 100.0
0.22 3.1692133559705717 100.0
0.23 3.1692133559705717 100.0
0.24 3.1692133559705717 100.0
0.25 3.1692133559705717 100.0
0.26 3.1692133559705717 100.0
0.27 3.1692133559705717 100.0
0.28 3.1692133559705717 100.0
0.29 3.1692133559705717 100.0
0.3 3.1710079275198186 100.0
0.31 3.1746031746031744 100.0
0.32 3.1818181818181817 100.0
0.33 3.1890660592255125 100.0
0.34 3.198172472872644 100.0
0.35000000000000003 3.2165422171166 100.0
0.36 3.240740740740741 100.0
0.37 3.2748538011695905 100.0
0.38 3.32541567695962 100.0
0.39 3.3816425120772946 100.0
0.4 3.4847542003733665 100.0
0.41000000000000003 3.629293583927414 100.0
0.42 3.7364130434782608 98.21428571428571
0.43 3.9215686274509802 96.42857142857143
0.44 4.157043879907621 96.42857142857143
0.45 4.584040747028863 96.42857142857143
0.46 5.1233396584440225 96.42857142857143
0.47000000000000003 5.684210526315789 96.42857142857143
0.48 6.25 92.85714285714286
0.49 7.062146892655368 89.28571428571429
0.5 8.085808580858085 87.5
0.51 9.33852140077821 85.71428571428571
0.52 10.454545454545455 82.14285714285714
0.53 12.637362637362637 82.14285714285714
0.54 14.634146341463415 75.0
0.55 17.699115044247787 71.42857142857143
0.56 20.454545454545453 64.28571428571429
0.5700000000000001 21.52777777777778 55.357142857142854
0.58 23.2 51.785714285714285
0.59 26.73267326732673 48.214285714285715
0.6 29.26829268292683 42.857142857142854
0.61 32.78688524590164 35.714285714285715
0.62 36.170212765957444 30.357142857142858
0.63 40.476190476190474 30.357142857142858
0.64 40.54054054054054 26.785714285714285
0.65 41.935483870967744 23.214285714285715
0.66 45.833333333333336 19.642857142857142
0.67 45.45454545454545 17.857142857142858
0.68 42.10526315789474 14.285714285714286
0.6900000000000001 43.75 12.5
0.7000000000000001 53.84615384615385 12.5
0.71 63.63636363636363 12.5
0.72 62.5 8.928571428571429
0.73 57.142857142857146 7.142857142857143
0.74 57.142857142857146 7.142857142857143
0.75 66.66666666666667 7.142857142857143
0.76 66.66666666666667 3.5714285714285716
0.77 66.66666666666667 3.5714285714285716
0.78 66.66666666666667 3.5714285714285716
0.79 50.0 1.7857142857142858
0.8 100.0 1.7857142857142858
0.81 100.0 1.7857142857142858
0.8200000000000001 100.0 1.7857142857142858
0.8300000000000001 100.0 1.7857142857142858
0.84 100.0 1.7857142857142858
0.85 100.0 1.7857142857142858
0.86 100.0 1.7857142857142858
0.87 NaN 0.0
0.88 NaN 0.0
0.89 NaN 0.0
0.9 NaN 0.0
0.91 NaN 0.0
0.92 NaN 0.0
0.93 NaN 0.0
0.9400000000000001 NaN 0.0
0.9500000000000001 NaN 0.0
0.96 NaN 0.0
0.97 NaN 0.0
0.98 NaN 0.0
0.99 NaN 0.0
1.0 NaN 0.0
