0.0 3.1692133559705717 100.0
0.01 3.1710079275198186 100.0
0.02 3.1728045325779037 100.0
0.03 3.1728045325779037 100.0
0.04 3.1764038570618265 100.0
0.05 3.1764038570618265 100.0
0.06 3.1764038570618265 100.0
0.07 3.1764038570618265 100.0
0.08 3.1764038570618265 100.0
0.09 3.1782065834279227 100.0
0.1 3.183627060830017 100.0
0.11 3.1890660592255125 100.0
0.12 3.194523673702225 100.0
0.13 3.21285140562249 100.0
0.14 3.2202415181138586 100.0
0.15 3.2444959443800694 100.0
0.16 3.26150262085032 100.0
0.17 3.278688524590164 100.0
0.18 3.303834808259587 100.0
0.19 3.3273915626856803 100.0
0.2 3.3674082982561635 100.0
0.21 3.393939393939394 100.0
0.22 3.4229828850855744 100.0
0.23 3.469640644361834 100.0
0.24 3.519798868636078 100.0
0.25 3.615235635894125 100.0
0.26 3.713527851458886 100.0
0.27 3.749147920927062 98.21428571428571
0.28 3.848845346396081 98.21428571428571
0.29 3.9739884393063583 98.21428571428571
0.3 4.072398190045249 96.42857142857143
0.31 4.21875 96.42857142857143
0.32 4.397394136807818 96.42857142857143
0.33 4.448246364414029 92.85714285714286
0.34 4.71441523118767 92.85714285714286
0.35000000000000003 4.942965779467681 92.85714285714286
0.36 5.273833671399594 92.85714285714286
0.37 5.615550755939525 92.85714285714286
0.38 6.053550640279394 92.85714285714286
0.39 6.419753086419753 92.85714285714286
0.4 6.824146981627297 92.85714285714286
0.41000000000000003 7.288629737609329 89.28571428571429
0.42 7.70440251572327 87.5
0.43 8.347826086956522 85.71428571428571
0.44 8.938547486033519 85.71428571428571
0.45 9.696969696969697 85.71428571428571
0.46 10.46770601336303 83.92857142857143
0.47000000000000003 11.75 83.92857142857143
0.48 11.813186813186814 76.78571428571429
0.49 12.307692307692308 71.42857142857143
0.5 12.76595744680851 64.28571428571429
0.51 13.389121338912133 57.142857142857146
0.52 14.691943127962086 55.357142857142854
0.53 16.292134831460675 51.785714285714285
0.54 16.56050955414013 46.42857142857143
0.55 17.36111111111111 44.642857142857146
0.56 19.841269841269842 44.642857142857146
0.5700000000000001 21.10091743119266 41.07142857142857
0.58 23.46938775510204 41.07142857142857
0.59 27.710843373493976 41.07142857142857
0.6 30.136986301369863 39.285714285714285
0.61 31.25 35.714285714285715
0.62 33.333333333333336 30.357142857142858
0.63 33.333333333333336 25.0
0.64 34.146341463414636 25.0
0.65 35.13513513513514 23.214285714285715
0.66 37.142857142857146 23.214285714285715
0.67 35.483870967741936 19.642857142857142
0.68 37.03703703703704 17.857142857142858
0.6900000000000001 37.5 16.071428571428573
0.7000000000000001 38.095238095238095 14.285714285714286
0.71 40.0 14.285714285714286
0.72 41.1764705882353 12.5
0.73 50.0 12.5
0.74 50.0 7.142857142857143
0.75 50.0 5.357142857142857
0.76 50.0 5.357142857142857
0.77 60.0 5.357142857142857
0.78 60.0 5.357142857142857
0.79 75.0 5.357142857142857
0.8 75.0 5.357142857142857
0.81 75.0 5.357142857142857
0.8200000000000001 75.0 5.357142857142857
0.8300000000000001 100.0 5.357142857142857
0.84 100.0 5.357142857142857
0.85 100.0 5.357142857142857
0.86 100.0 5.357142857142857
0.87 100.0 5.357142857142857
0.88 100.0 5.357142857142857
0.89 100.0 5.357142857142857
0.9 100.0 5.357142857142857
0.91 100.0 1.7857142857142858
0.92 100.0 1.7857142857142858
0.93 100.0 1.7857142857142858
0.9400000000000001 100.0 1.7857142857142858
0.9500000000000001 100.0 1.7857142857142858
0.96 100.0 1.7857142857142858
0.97 100.0 1.7857142857142858
0.98 100.0 1.7857142857142858
0.99 100.0 1.7857142857142858
1.0 100.0 1.7857142857142858
