0.0 6.657420249653259 85.71428571428571
0.01 7.153502235469449 85.71428571428571
0.02 8.053691275167786 85.71428571428571
0.03 8.918406072106261 83.92857142857143
0.04 9.873949579831933 83.92857142857143
0.05 10.599078341013826 82.14285714285714
0.06 11.35135135135135 75.0
0.07 12.8125 73.21428571428571
0.08 13.636363636363637 69.64285714285714
0.09 15.702479338842975 67.85714285714286
0.1 15.981735159817351 62.5
0.11 17.02127659574468 57.142857142857146
0.12 18.633540372670808 53.57142857142857
0.13 20.895522388059703 50.0
0.14 24.56140350877193 50.0
0.15 27.272727272727273 48.214285714285715
0.16 26.666666666666668 42.857142857142854
0.17 31.506849315068493 41.07142857142857
0.18 33.84615384615385 39.285714285714285
0.19 36.206896551724135 37.5
0.2 41.30434782608695 33.92857142857143
0.21 44.44444444444444 28.571428571428573
0.22 43.75 25.0
0.23 40.74074074074074 19.642857142857142
0.24 43.47826086956522 17.857142857142858
0.25 50.0 17.857142857142858
0.26 55.55555555555556 17.857142857142858
0.27 62.5 17.857142857142858
0.28 64.28571428571429 16.071428571428573
0.29 63.63636363636363 12.5
0.3 63.63636363636363 12.5
0.31 60.0 10.714285714285714
0.32 60.0 10.714285714285714
0.33 62.5 8.928571428571429
0.34 83.33333333333333 8.928571428571429
0.35000000000000003 83.33333333333333 8.928571428571429
0.36 100.0 7.142857142857143
0.37 100.0 7.142857142857143
0.38 100.0 7.142857142857143
0.39 100.0 5.357142857142857
0.4 100.0 1.7857142857142858
0.41000000000000003 100.0 1.7857142857142858
0.42 100.0 1.7857142857142858
0.43 NaN 0.0
0.44 NaN 0.0
0.45 NaN 0.0
0.46 NaN 0.0
0.47000000000000003 NaN 0.0
0.48 NaN 0.0
0.49 NaN 0.0
0.5 NaN 0.0
0.51 NaN 0.0
0.52 NaN 0.0
0.53 NaN 0.0
0.54 NaN 0.0
0.55 NaN 0.0
0.56 NaN 0.0
0.5700000000000001 NaN 0.0
0.58 NaN 0.0
0.59 NaN 0.0
0.6 NaN 0.0
0.61 NaN 0.0
0.62 NaN 0.0
0.63 NaN 0.0
0.64 NaN 0.0
0.65 NaN 0.0
0.66 NaN 0.0
0.67 NaN 0.0
0.68 NaN 0.0
0.6900000000000001 NaN 0.0
0.7000000000000001 NaN 0.0
0.71 NaN 0.0
0.72 NaN 0.0
0.73 NaN 0.0
0.74 NaN 0.0
0.75 NaN 0.0
0.76 NaN 0.0
0.77 NaN 0.0
0.78 NaN 0.0
0.79 NaN 0.0
0.8 NaN 0.0
0.81 NaN 0.0
0.8200000000000001 NaN 0.0
0.8300000000000001 NaN 0.0
0.84 NaN 0.0
0.85 NaN 0.0
0.86 NaN 0.0
0.87 NaN 0.0
0.88 NaN 0.0
0.89 NaN 0.0
0.9 NaN 0.0
0.91 NaN 0.0
0.92 NaN 0.0
0.93 NaN 0.0
0.9400000000000001 NaN 0.0
0.9500000000000001 NaN 0.0
0.96 NaN 0.0
0.97 NaN 0.0
0.98 NaN 0.0
0.99 NaN 0.0
1.0 NaN 0.0
