0.0 3.1692133559705717 100.0 6.143719144267691
0.01 3.233256351039261 100.0 6.263982102908278
0.02 3.250145095763204 100.0 6.29567172568859
0.03 3.2634032634032635 100.0 6.320541760722348
0.04 3.2941176470588234 100.0 6.378132118451024
0.05 3.303834808259587 100.0 6.396344945745289
0.06 3.3273915626856803 100.0 6.440483036227717
0.07 3.341288782816229 100.0 6.466512702078521
0.08 3.357314148681055 100.0 6.496519721577726
0.09 3.3775633293124248 100.0 6.534422403733956
0.1 3.402187120291616 100.0 6.5804935370152755
0.11 3.427172582619339 100.0 6.627218934911244
0.12 3.4674922600619196 100.0 6.702573309395572
0.13 3.504380475594493 100.0 6.771463119709794
0.14 3.5420619860847564 100.0 6.841783750763591
0.15 3.5301668806161746 98.21428571428571 6.815365551425031
0.16 3.566796368352789 98.21428571428571 6.883604505632041
0.17 3.608923884514436 98.21428571428571 6.962025316455697
0.18 3.6496350364963503 98.21428571428571 7.037747920665387
0.19 3.7037037037037037 98.21428571428571 7.138221933809214
0.2 3.7568306010928962 98.21428571428571 7.2368421052631575
0.21 3.822098679638638 98.21428571428571 7.357859531772575
0.22 3.90625 98.21428571428571 7.5136612021857925
0.23 3.9596832253419727 98.21428571428571 7.612456747404845
0.24 4.035216434336023 98.21428571428571 7.7519379844961245
0.25 4.119850187265918 98.21428571428571 7.9079798705966935
0.26 4.147465437788019 96.42857142857143 7.952871870397645
0.27 4.17981072555205 94.64285714285714 8.006042296072508
0.28 4.246794871794871 94.64285714285714 8.12883435582822
0.29 4.358552631578948 94.64285714285714 8.333333333333334
0.3 4.506802721088436 94.64285714285714 8.603896103896105
0.31 4.62478184991274 94.64285714285714 8.81863560732113
0.32 4.56989247311828 91.07142857142857 8.703071672354948
0.33 4.608294930875576 89.28571428571429 8.764241893076248
0.34 4.743833017077799 89.28571428571429 9.00900900900901
0.35000000000000003 4.818092428711898 87.5 9.13327120223672
0.36 4.883011190233978 85.71428571428571 9.239653512993264
0.37 4.906054279749478 83.92857142857143 9.270216962524653
0.38 5.119825708061002 83.92857142857143 9.650924024640657
0.39 5.286839145106861 83.92857142857143 9.947089947089944
0.4 5.509964830011723 83.92857142857143 10.34103410341034
0.41000000000000003 5.766871165644171 83.92857142857143 10.79219288174512
0.42 5.852417302798982 82.14285714285714 10.926365795724466
0.43 5.9523809523809526 80.35714285714286 11.083743842364532
0.44 6.198347107438017 80.35714285714286 11.508951406649617
0.45 6.18705035971223 76.78571428571429 11.451398135818907
0.46 6.417910447761194 76.78571428571429 11.845730027548209
0.47000000000000003 6.666666666666667 76.78571428571429 12.268188302425107
0.48 6.946688206785137 76.78571428571429 12.740740740740742
0.49 7.251264755480607 76.78571428571429 13.25115562403698
0.5 7.478260869565218 76.78571428571429 13.629160063391444
0.51 7.40072202166065 73.21428571428571 13.442622950819672
0.52 7.6923076923076925 73.21428571428571 13.921901528013583
0.53 7.874015748031496 71.42857142857143 14.184397163120567
0.54 8.16326530612245 71.42857142857143 14.652014652014651
0.55 8.297872340425531 69.64285714285714 14.828897338403042
0.56 8.590308370044053 69.64285714285714 15.294117647058822
0.5700000000000001 8.584686774941995 66.07142857142857 15.19507186858316
0.58 8.80195599022005 64.28571428571429 15.483870967741936
0.59 9.043927648578812 62.5 15.80135440180587
0.6 9.065934065934066 58.92857142857143 15.714285714285714
0.61 9.169054441260744 57.142857142857146 15.802469135802466
0.62 9.60960960960961 57.142857142857146 16.452442159383033
0.63 10.032362459546926 55.357142857142854 16.986301369863014
0.64 10.472972972972974 55.357142857142854 17.613636363636367
0.65 10.175438596491228 51.785714285714285 17.008797653958943
0.66 10.408921933085502 50.0 17.23076923076923
0.67 10.756972111553784 48.214285714285715 17.58957654723127
0.68 10.92436974789916 46.42857142857143 17.687074829931973
0.6900000000000001 10.81081081081081 42.857142857142854 17.26618705035971
0.7000000000000001 10.679611650485437 39.285714285714285 16.793893129770996
0.71 9.947643979057592 33.92857142857143 15.384615384615385
0.72 10.614525139664805 33.92857142857143 16.170212765957448
0.73 11.30952380952381 33.92857142857143 16.964285714285715
0.74 10.69182389937107 30.357142857142858 15.813953488372093
0.75 11.564625850340136 30.357142857142858 16.748768472906402
0.76 11.678832116788321 28.571428571428573 16.580310880829014
0.77 12.8 28.571428571428573 17.679558011049725
0.78 13.043478260869565 26.785714285714285 17.543859649122805
0.79 13.761467889908257 26.785714285714285 18.181818181818183
0.8 14.018691588785046 26.785714285714285 18.404907975460123
0.81 13.861386138613861 25.0 17.8343949044586
0.8200000000000001 14.583333333333334 25.0 18.42105263157895
0.8300000000000001 14.606741573033707 23.214285714285715 17.93103448275862
0.84 15.116279069767442 23.214285714285715 18.309859154929576
0.85 14.814814814814815 21.428571428571427 17.51824817518248
0.86 14.285714285714286 19.642857142857142 16.54135338345865
0.87 14.084507042253522 17.857142857142858 15.748031496062993
0.88 14.925373134328359 17.857142857142858 16.260162601626018
0.89 15.625 17.857142857142858 16.666666666666668
0.9 17.54385964912281 17.857142857142858 17.699115044247787
0.91 17.307692307692307 16.071428571428573 16.666666666666668
0.92 18.367346938775512 16.071428571428573 17.142857142857146
0.93 18.367346938775512 16.071428571428573 17.142857142857146
0.9400000000000001 19.565217391304348 16.071428571428573 17.647058823529413
0.9500000000000001 21.951219512195124 16.071428571428573 18.556701030927837
0.96 22.5 16.071428571428573 18.750000000000004
0.97 22.5 16.071428571428573 18.750000000000004
0.98 23.076923076923077 16.071428571428573 18.947368421052634
0.99 27.272727272727273 16.071428571428573 20.224719101123597
1.0 25.806451612903224 14.285714285714286 18.39080459770115
