0.0 3.1692133559705717 100.0
0.01 3.1710079275198186 100.0
0.02 3.1710079275198186 100.0
0.03 3.1710079275198186 100.0
0.04 3.1728045325779037 100.0
0.05 3.1764038570618265 100.0
0.06 3.1764038570618265 100.0
0.07 3.1782065834279227 100.0
0.08 3.1782065834279227 100.0
0.09 3.1818181818181817 100.0
0.1 3.185437997724687 100.0
0.11 3.192702394526796 100.0
0.12 3.1963470319634704 100.0
0.13 3.21285140562249 100.0
0.14 3.2220943613348676 100.0
0.15 3.231390652048471 100.0
0.16 3.2444959443800694 100.0
0.17 3.2634032634032635 100.0
0.18 3.29605650382578 100.0
0.19 3.3373063170441 100.0
0.2 3.3836858006042294 100.0
0.21 3.4355828220858897 100.0
0.22 3.4869240348692405 100.0
0.23 3.5487959442332064 100.0
0.24 3.6129032258064515 100.0
0.25 3.639973527465255 98.21428571428571
0.26 3.741496598639456 98.21428571428571
0.27 3.8569424964936885 98.21428571428571
0.28 3.8876889848812093 96.42857142857143
0.29 4.029850746268656 96.42857142857143
0.3 4.086353122590594 94.64285714285714
0.31 4.26731078904992 94.64285714285714
0.32 4.424040066777963 94.64285714285714
0.33 4.48943661971831 91.07142857142857
0.34 4.659832246039143 89.28571428571429
0.35000000000000003 4.916420845624385 89.28571428571429
0.36 4.973544973544974 83.92857142857143
0.37 5.2213393870601585 82.14285714285714
0.38 5.481120584652863 80.35714285714286
0.39 5.874499332443258 78.57142857142857
0.4 6.195965417867435 76.78571428571429
0.41000000000000003 6.5495207667731625 73.21428571428571
0.42 6.914893617021277 69.64285714285714
0.43 6.990291262135922 64.28571428571429
0.44 7.775377969762419 64.28571428571429
0.45 7.542579075425791 55.357142857142854
0.46 8.0 53.57142857142857
0.47000000000000003 8.841463414634147 51.785714285714285
0.48 10.394265232974911 51.785714285714285
0.49 11.570247933884298 50.0
0.5 13.20754716981132 50.0
0.51 14.754098360655737 48.214285714285715
0.52 17.647058823529413 48.214285714285715
0.53 19.852941176470587 48.214285714285715
0.54 19.35483870967742 42.857142857142854
0.55 22.429906542056074 42.857142857142854
0.56 21.978021978021978 35.714285714285715
0.5700000000000001 23.75 33.92857142857143
0.58 26.08695652173913 32.142857142857146
0.59 26.785714285714285 26.785714285714285
0.6 29.166666666666668 25.0
0.61 29.26829268292683 21.428571428571427
0.62 28.125 16.071428571428573
0.63 30.76923076923077 14.285714285714286
0.64 33.333333333333336 12.5
0.65 35.0 12.5
0.66 31.25 8.928571428571429
0.67 33.333333333333336 7.142857142857143
0.68 36.36363636363637 7.142857142857143
0.6900000000000001 22.22222222222222 3.5714285714285716
0.7000000000000001 16.666666666666668 1.7857142857142858
0.71 16.666666666666668 1.7857142857142858
0.72 25.0 1.7857142857142858
0.73 25.0 1.7857142857142858
0.74 25.0 1.7857142857142858
0.75 25.0 1.7857142857142858
0.76 33.333333333333336 1.7857142857142858
0.77 33.333333333333336 1.7857142857142858
0.78 50.0 1.7857142857142858
0.79 50.0 1.7857142857142858
0.8 50.0 1.7857142857142858
0.81 50.0 1.7857142857142858
0.8200000000000001 100.0 1.7857142857142858
0.8300000000000001 100.0 1.7857142857142858
0.84 100.0 1.7857142857142858
0.85 100.0 1.7857142857142858
0.86 100.0 1.7857142857142858
0.87 100.0 1.7857142857142858
0.88 100.0 1.7857142857142858
0.89 100.0 1.7857142857142858
0.9 100.0 1.7857142857142858
0.91 100.0 1.7857142857142858
0.92 100.0 1.7857142857142858
0.93 100.0 1.7857142857142858
0.9400000000000001 100.0 1.7857142857142858
0.9500000000000001 100.0 1.7857142857142858
0.96 100.0 1.7857142857142858
0.97 100.0 1.7857142857142858
0.98 100.0 1.7857142857142858
0.99 100.0 1.7857142857142858
1.0 100.0 1.7857142857142858
