0.0 3.1692133559705717 100.0
0.01 3.1710079275198186 100.0
0.02 3.1728045325779037 100.0
0.03 3.1728045325779037 100.0
0.04 3.1746031746031744 100.0
0.05 3.1800113571834183 100.0
0.06 3.183627060830017 100.0
0.07 3.192702394526796 100.0
0.08 3.194523673702225 100.0
0.09 3.194523673702225 100.0
0.1 3.2018296169239564 100.0
0.11 3.214695752009185 100.0
0.12 3.223949337938975 100.0
0.13 3.1921067904817177 98.21428571428571
0.14 3.216374269005848 98.21428571428571
0.15 3.2505910165484635 98.21428571428571
0.16 3.309265944645006 98.21428571428571
0.17 3.357753357753358 98.21428571428571
0.18 3.3834586466165413 96.42857142857143
0.19 3.465982028241335 96.42857142857143
0.2 3.5262807717897537 94.64285714285714
0.21 3.670360110803324 94.64285714285714
0.22 3.788420300214439 94.64285714285714
0.23 3.8863976083707024 92.85714285714286
0.24 3.9688715953307394 91.07142857142857
0.25 4.180327868852459 91.07142857142857
0.26 4.415584415584416 91.07142857142857
0.27 4.612546125461255 89.28571428571429
0.28 4.790419161676646 85.71428571428571
0.29 5.086580086580087 83.92857142857143
0.3 5.502392344497608 82.14285714285714
0.31 6.048387096774194 80.35714285714286
0.32 6.528189910979228 78.57142857142857
0.33 7.333333333333333 78.57142857142857
0.34 8.082706766917294 76.78571428571429
0.35000000000000003 8.492569002123142 71.42857142857143
0.36 9.245742092457421 67.85714285714286
0.37 9.831460674157304 62.5
0.38 11.11111111111111 60.714285714285715
0.39 11.877394636015326 55.357142857142854
0.4 13.362068965517242 55.357142857142854
0.41000000000000003 14.5 51.785714285714285
0.42 16.374269005847953 50.0
0.43 17.687074829931973 46.42857142857143
0.44 19.166666666666668 41.07142857142857
0.45 22.22222222222222 39.285714285714285
0.46 22.988505747126435 35.714285714285715
0.47000000000000003 22.972972972972972 30.357142857142858
0.48 25.0 26.785714285714285
0.49 28.571428571428573 25.0
0.5 29.545454545454547 23.214285714285715
0.51 30.76923076923077 21.428571428571427
0.52 34.285714285714285 21.428571428571427
0.53 33.333333333333336 17.857142857142858
0.54 34.61538461538461 16.071428571428573
0.55 27.77777777777778 8.928571428571429
0.56 29.41176470588235 8.928571428571429
0.5700000000000001 26.666666666666668 7.142857142857143
0.58 26.666666666666668 7.142857142857143
0.59 33.333333333333336 7.142857142857143
0.6 27.272727272727273 5.357142857142857
0.61 30.0 5.357142857142857
0.62 30.0 5.357142857142857
0.63 28.571428571428573 3.5714285714285716
0.64 33.333333333333336 3.5714285714285716
0.65 33.333333333333336 3.5714285714285716
0.66 50.0 3.5714285714285716
0.67 50.0 3.5714285714285716
0.68 50.0 3.5714285714285716
0.6900000000000001 50.0 3.5714285714285716
0.7000000000000001 50.0 3.5714285714285716
0.71 50.0 3.5714285714285716
0.72 50.0 3.5714285714285716
0.73 50.0 3.5714285714285716
0.74 66.66666666666667 3.5714285714285716
0.75 66.66666666666667 3.5714285714285716
0.76 66.66666666666667 3.5714285714285716
0.77 50.0 1.7857142857142858
0.78 50.0 1.7857142857142858
0.79 50.0 1.7857142857142858
0.8 50.0 1.7857142857142858
0.81 100.0 1.7857142857142858
0.8200000000000001 100.0 1.7857142857142858
0.8300000000000001 100.0 1.7857142857142858
0.84 100.0 1.7857142857142858
0.85 100.0 1.7857142857142858
0.86 100.0 1.7857142857142858
0.87 100.0 1.7857142857142858
0.88 100.0 1.7857142857142858
0.89 100.0 1.7857142857142858
0.9 100.0 1.7857142857142858
0.91 100.0 1.7857142857142858
0.92 100.0 1.7857142857142858
0.93 100.0 1.7857142857142858
0.9400000000000001 100.0 1.7857142857142858
0.9500000000000001 100.0 1.7857142857142858
0.96 100.0 1.7857142857142858
0.97 100.0 1.7857142857142858
0.98 100.0 1.7857142857142858
0.99 100.0 1.7857142857142858
1.0 100.0 1.7857142857142858
