0.0 3.1692133559705717 100.0
0.01 3.1728045325779037 100.0
0.02 3.1728045325779037 100.0
0.03 3.1746031746031744 100.0
0.04 3.1746031746031744 100.0
0.05 3.1764038570618265 100.0
0.06 3.1800113571834183 100.0
0.07 3.1800113571834183 100.0
0.08 3.1800113571834183 100.0
0.09 3.1800113571834183 100.0
0.1 3.187250996015936 100.0
0.11 3.190883190883191 100.0
0.12 3.192702394526796 100.0
0.13 3.2018296169239564 100.0
0.14 3.214695752009185 100.0
0.15 3.231390652048471 100.0
0.16 3.246376811594203 100.0
0.17 3.2596041909196742 100.0
0.18 3.2806092560046864 100.0
0.19 3.30188679245283 100.0
0.2 3.3234421364985165 100.0
0.21 3.3653846153846154 100.0
0.22 3.4146341463414633 100.0
0.23 3.4869240348692405 100.0
0.24 3.553299492385787 100.0
0.25 3.6199095022624435 100.0
0.26 3.701255783212161 100.0
0.27 3.7991858887381276 100.0
0.28 3.8942976356050067 100.0
0.29 3.9800995024875623 100.0
0.3 3.9647577092511015 96.42857142857143
0.31 4.112718964204113 96.42857142857143
0.32 4.27892234548336 96.42857142857143
0.33 4.530201342281879 96.42857142857143
0.34 4.766107678729038 96.42857142857143
0.35000000000000003 5.013927576601671 96.42857142857143
0.36 5.325443786982248 96.42857142857143
0.37 5.6663168940188875 96.42857142857143
0.38 5.988700564971752 94.64285714285714
0.39 6.487148102815177 94.64285714285714
0.4 7.142857142857143 94.64285714285714
0.41000000000000003 7.737226277372263 94.64285714285714
0.42 8.562197092084006 94.64285714285714
0.43 9.185441941074524 94.64285714285714
0.44 9.487666034155598 89.28571428571429
0.45 9.611451942740286 83.92857142857143
0.46 10.135135135135135 80.35714285714286
0.47000000000000003 10.723192019950124 76.78571428571429
0.48 11.048158640226628 69.64285714285714
0.49 12.111801242236025 69.64285714285714
0.5 12.937062937062937 66.07142857142857
0.51 14.396887159533074 66.07142857142857
0.52 14.644351464435147 62.5
0.53 16.037735849056602 60.714285714285715
0.54 17.52577319587629 60.714285714285715
0.55 18.0327868852459 58.92857142857143
0.56 19.393939393939394 57.142857142857146
0.5700000000000001 17.26618705035971 42.857142857142854
0.58 17.96875 41.07142857142857
0.59 19.29824561403509 39.285714285714285
0.6 21.568627450980394 39.285714285714285
0.61 22.22222222222222 35.714285714285715
0.62 24.390243902439025 35.714285714285715
0.63 22.666666666666668 30.357142857142858
0.64 24.615384615384617 28.571428571428573
0.65 25.0 26.785714285714285
0.66 28.30188679245283 26.785714285714285
0.67 27.659574468085108 23.214285714285715
0.68 29.72972972972973 19.642857142857142
0.6900000000000001 30.303030303030305 17.857142857142858
0.7000000000000001 31.03448275862069 16.071428571428573
0.71 32.142857142857146 16.071428571428573
0.72 32.142857142857146 16.071428571428573
0.73 39.130434782608695 16.071428571428573
0.74 40.90909090909091 16.071428571428573
0.75 45.0 16.071428571428573
0.76 47.05882352941177 14.285714285714286
0.77 43.75 12.5
0.78 46.666666666666664 12.5
0.79 50.0 12.5
0.8 50.0 12.5
0.81 45.45454545454545 8.928571428571429
0.8200000000000001 40.0 7.142857142857143
0.8300000000000001 37.5 5.357142857142857
0.84 37.5 5.357142857142857
0.85 37.5 5.357142857142857
0.86 37.5 5.357142857142857
0.87 42.857142857142854 5.357142857142857
0.88 33.333333333333336 3.5714285714285716
0.89 40.0 3.5714285714285716
0.9 40.0 3.5714285714285716
0.91 40.0 3.5714285714285716
0.92 50.0 3.5714285714285716
0.93 33.333333333333336 1.7857142857142858
0.9400000000000001 0.0 0.0
0.9500000000000001 0.0 0.0
0.96 0.0 0.0
0.97 0.0 0.0
0.98 0.0 0.0
0.99 0.0 0.0
1.0 0.0 0.0
