0.0 3.1692133559705717 100.0
0.01 3.1692133559705717 100.0
0.02 3.1692133559705717 100.0
0.03 3.1692133559705717 100.0
0.04 3.1692133559705717 100.0
0.05 3.1692133559705717 100.0
0.06 3.1692133559705717 100.0
0.07 3.1692133559705717 100.0
0.08 3.1692133559705717 100.0
0.09 3.1692133559705717 100.0
0.1 3.1692133559705717 100.0
0.11 3.1692133559705717 100.0
0.12 3.1692133559705717 100.0
0.13 3.1692133559705717 100.0
0.14 3.1692133559705717 100.0
0.15 3.1692133559705717 100.0
0.16 3.1692133559705717 100.0
0.17 3.1692133559705717 100.0
0.18 3.1692133559705717 100.0
0.19 3.1692133559705717 100.0
0.2 3.1692133559705717 100.0
0.21 3.1692133559705717 100.0
0.22 3.1692133559705717 100.0
0.23 3.1692133559705717 100.0
0.24 3.1692133559705717 100.0
0.25 3.1692133559705717 100.0
0.26 3.1692133559705717 100.0
0.27 3.1692133559705717 100.0
0.28 3.1692133559705717 100.0
0.29 3.1692133559705717 100.0
0.3 3.1692133559705717 100.0
0.31 3.1692133559705717 100.0
0.32 3.1692133559705717 100.0
0.33 3.1692133559705717 100.0
0.34 3.1692133559705717 100.0
0.35000000000000003 3.1692133559705717 100.0
0.36 3.1692133559705717 100.0
0.37 3.1692133559705717 100.0
0.38 3.1692133559705717 100.0
0.39 3.1692133559705717 100.0
0.4 3.1692133559705717 100.0
0.41000000000000003 3.1692133559705717 100.0
0.42 3.1692133559705717 100.0
0.43 3.1710079275198186 100.0
0.44 3.1710079275198186 100.0
0.45 3.1764038570618265 100.0
0.46 3.1800113571834183 100.0
0.47000000000000003 3.185437997724687 100.0
0.48 3.192702394526796 100.0
0.49 3.194523673702225 100.0
0.5 3.21285140562249 100.0
0.51 3.2444959443800694 100.0
0.52 3.297997644287397 100.0
0.53 3.3532934131736525 100.0
0.54 3.3721643163703248 98.21428571428571
0.55 3.4615384615384617 96.42857142857143
0.56 3.641267700606878 96.42857142857143
0.5700000000000001 3.8294797687861273 94.64285714285714
0.58 4.147104851330203 94.64285714285714
0.59 4.362703165098375 91.07142857142857
0.6 4.743833017077799 89.28571428571429
0.61 5.17799352750809 85.71428571428571
0.62 5.616605616605616 82.14285714285714
0.63 6.086956521739131 75.0
0.64 6.643356643356643 67.85714285714286
0.65 7.6109936575052854 64.28571428571429
0.66 8.533333333333333 57.142857142857146
0.67 9.310344827586206 48.214285714285715
0.68 11.160714285714286 44.642857142857146
0.6900000000000001 12.571428571428571 39.285714285714285
0.7000000000000001 15.671641791044776 37.5
0.71 19.387755102040817 33.92857142857143
0.72 22.972972972972972 30.357142857142858
0.73 25.862068965517242 26.785714285714285
0.74 30.232558139534884 23.214285714285715
0.75 33.333333333333336 16.071428571428573
0.76 42.857142857142854 16.071428571428573
0.77 42.10526315789474 14.285714285714286
0.78 36.36363636363637 7.142857142857143
0.79 40.0 7.142857142857143
0.8 33.333333333333336 3.5714285714285716
0.81 40.0 3.5714285714285716
0.8200000000000001 50.0 3.5714285714285716
0.8300000000000001 33.333333333333336 1.7857142857142858
0.84 50.0 1.7857142857142858
0.85 50.0 1.7857142857142858
0.86 100.0 1.7857142857142858
0.87 100.0 1.7857142857142858
0.88 100.0 1.7857142857142858
0.89 100.0 1.7857142857142858
0.9 100.0 1.7857142857142858
0.91 100.0 1.7857142857142858
0.92 100.0 1.7857142857142858
0.93 100.0 1.7857142857142858
0.9400000000000001 NaN 0.0
0.9500000000000001 NaN 0.0
0.96 NaN 0.0
0.97 NaN 0.0
0.98 NaN 0.0
0.99 NaN 0.0
1.0 NaN 0.0
