0.0 3.1692133559705717 100.0
0.01 3.1728045325779037 100.0
0.02 3.1728045325779037 100.0
0.03 3.1782065834279227 100.0
0.04 3.1782065834279227 100.0
0.05 3.185437997724687 100.0
0.06 3.1890660592255125 100.0
0.07 3.1963470319634704 100.0
0.08 3.2018296169239564 100.0
0.09 3.2165422171166 100.0
0.1 3.225806451612903 100.0
0.11 3.2388663967611335 100.0
0.12 3.255813953488372 100.0
0.13 3.2844574780058653 100.0
0.14 3.30188679245283 100.0
0.15 3.3353186420488385 100.0
0.16 3.3857315598548974 100.0
0.17 3.463203463203463 100.0
0.18 3.5420619860847564 100.0
0.19 3.6245954692556634 100.0
0.2 3.7333333333333334 100.0
0.21 3.872752420470263 100.0
0.22 4.02588066139468 100.0
0.23 4.116766467065868 98.21428571428571
0.24 4.2586750788643535 96.42857142857143
0.25 4.39469320066335 94.64285714285714
0.26 4.661389621811786 94.64285714285714
0.27 4.919583727530747 92.85714285714286
0.28 5.181347150259067 89.28571428571429
0.29 5.4748603351955305 87.5
0.3 5.790108564535585 85.71428571428571
0.31 6.0130718954248366 82.14285714285714
0.32 6.571428571428571 82.14285714285714
0.33 6.995230524642289 78.57142857142857
0.34 7.706093189964157 76.78571428571429
0.35000000000000003 8.301158301158301 76.78571428571429
0.36 8.993576017130621 75.0
0.37 9.54653937947494 71.42857142857143
0.38 9.762532981530343 66.07142857142857
0.39 10.619469026548673 64.28571428571429
0.4 10.774410774410775 57.142857142857146
0.41000000000000003 11.69811320754717 55.357142857142854
0.42 13.41991341991342 55.357142857142854
0.43 11.979166666666666 41.07142857142857
0.44 12.962962962962964 37.5
0.45 12.76595744680851 32.142857142857146
0.46 14.87603305785124 32.142857142857146
0.47000000000000003 15.88785046728972 30.357142857142858
0.48 17.77777777777778 28.571428571428573
0.49 19.48051948051948 26.785714285714285
0.5 21.875 25.0
0.51 24.528301886792452 23.214285714285715
0.52 26.0 23.214285714285715
0.53 24.444444444444443 19.642857142857142
0.54 30.303030303030305 17.857142857142858
0.55 33.333333333333336 16.071428571428573
0.56 36.0 16.071428571428573
0.5700000000000001 34.78260869565217 14.285714285714286
0.58 36.36363636363637 14.285714285714286
0.59 36.36363636363637 14.285714285714286
0.6 42.10526315789474 14.285714285714286
0.61 53.84615384615385 12.5
0.62 54.54545454545455 10.714285714285714
0.63 66.66666666666667 7.142857142857143
0.64 60.0 5.357142857142857
0.65 66.66666666666667 3.5714285714285716
0.66 66.66666666666667 3.5714285714285716
0.67 66.66666666666667 3.5714285714285716
0.68 50.0 1.7857142857142858
0.6900000000000001 50.0 1.7857142857142858
0.7000000000000001 50.0 1.7857142857142858
0.71 50.0 1.7857142857142858
0.72 50.0 1.7857142857142858
0.73 50.0 1.7857142857142858
0.74 50.0 1.7857142857142858
0.75 50.0 1.7857142857142858
0.76 50.0 1.7857142857142858
0.77 100.0 1.7857142857142858
0.78 100.0 1.7857142857142858
0.79 100.0 1.7857142857142858
0.8 100.0 1.7857142857142858
0.81 100.0 1.7857142857142858
0.8200000000000001 100.0 1.7857142857142858
0.8300000000000001 100.0 1.7857142857142858
0.84 100.0 1.7857142857142858
0.85 100.0 1.7857142857142858
0.86 100.0 1.7857142857142858
0.87 100.0 1.7857142857142858
0.88 100.0 1.7857142857142858
0.89 100.0 1.7857142857142858
0.9 100.0 1.7857142857142858
0.91 100.0 1.7857142857142858
0.92 100.0 1.7857142857142858
0.93 100.0 1.7857142857142858
0.9400000000000001 100.0 1.7857142857142858
0.9500000000000001 100.0 1.7857142857142858
0.96 100.0 1.7857142857142858
0.97 100.0 1.7857142857142858
0.98 100.0 1.7857142857142858
0.99 100.0 1.7857142857142858
1.0 100.0 1.7857142857142858
