-1.0 3.1692133559705717 100.0
-0.99 3.1692133559705717 100.0
-0.98 3.1692133559705717 100.0
-0.97 3.1692133559705717 100.0
-0.96 3.1692133559705717 100.0
-0.9500000000000001 3.1692133559705717 100.0
-0.9400000000000001 3.1692133559705717 100.0
-0.93 3.1692133559705717 100.0
-0.92 3.1692133559705717 100.0
-0.91 3.1692133559705717 100.0
-0.9 3.1692133559705717 100.0
-0.89 3.1692133559705717 100.0
-0.88 3.1692133559705717 100.0
-0.87 3.1692133559705717 100.0
-0.86 3.1692133559705717 100.0
-0.85 3.1692133559705717 100.0
-0.84 3.1692133559705717 100.0
-0.8300000000000001 3.1692133559705717 100.0
-0.8200000000000001 3.1692133559705717 100.0
-0.81 3.1692133559705717 100.0
-0.8 3.1692133559705717 100.0
-0.79 3.1692133559705717 100.0
-0.78 3.1692133559705717 100.0
-0.77 3.1692133559705717 100.0
-0.76 3.1692133559705717 100.0
-0.75 3.1692133559705717 100.0
-0.74 3.1692133559705717 100.0
-0.73 3.1692133559705717 100.0
-0.72 3.1692133559705717 100.0
-0.71 3.1692133559705717 100.0
-0.7000000000000001 3.1692133559705717 100.0
-0.6900000000000001 3.1692133559705717 100.0
-0.68 3.1692133559705717 100.0
-0.67 3.1692133559705717 100.0
-0.66 3.1692133559705717 100.0
-0.65 3.1692133559705717 100.0
-0.64 3.1692133559705717 100.0
-0.63 3.1692133559705717 100.0
-0.62 3.1692133559705717 100.0
-0.61 3.1692133559705717 100.0
-0.6 3.1692133559705717 100.0
-0.59 3.1692133559705717 100.0
-0.58 3.1692133559705717 100.0
-0.5700000000000001 3.1692133559705717 100.0
-0.56 3.1692133559705717 100.0
-0.55 3.1692133559705717 100.0
-0.54 3.1692133559705717 100.0
-0.53 3.1692133559705717 100.0
-0.52 3.1692133559705717 100.0
-0.51 3.1692133559705717 100.0
-0.5 3.1692133559705717 100.0
-0.49 3.1692133559705717 100.0
-0.48 3.1692133559705717 100.0
-0.47000000000000003 3.1692133559705717 100.0
-0.46 3.1692133559705717 100.0
-0.45 3.1692133559705717 100.0
-0.44 3.1692133559705717 100.0
-0.43 3.1692133559705717 100.0
-0.42 3.1692133559705717 100.0
-0.41000000000000003 3.1692133559705717 100.0
-0.4 3.1692133559705717 100.0
-0.39 3.1692133559705717 100.0
-0.38 3.1692133559705717 100.0
-0.37 3.1692133559705717 100.0
-0.36 3.1692133559705717 100.0
-0.35000000000000003 3.1692133559705717 100.0
-0.34 3.1692133559705717 100.0
-0.33 3.1692133559705717 100.0
-0.32 3.1692133559705717 100.0
-0.31 3.1692133559705717 100.0
-0.3 3.1692133559705717 100.0
-0.29 3.1692133559705717 100.0
-0.28 3.1692133559705717 100.0
-0.27 3.1692133559705717 100.0
-0.26 3.1692133559705717 100.0
-0.25 3.1692133559705717 100.0
-0.24 3.1692133559705717 100.0
-0.23 3.1692133559705717 100.0
-0.22 3.1692133559705717 100.0
-0.21 3.1692133559705717 100.0
-0.2 3.1692133559705717 100.0
-0.19 3.1692133559705717 100.0
-0.18 3.1692133559705717 100.0
-0.17 3.1692133559705717 100.0
-0.16 3.1692133559705717 100.0
-0.15 3.1692133559705717 100.0
-0.14 3.1692133559705717 100.0
-0.13 3.1692133559705717 100.0
-0.12 3.1692133559705717 100.0
-0.11 3.1692133559705717 100.0
-0.1 3.1710079275198186 100.0
-0.09 3.1728045325779037 100.0
-0.08 3.1728045325779037 100.0
-0.07 3.1746031746031744 100.0
-0.06 3.1818181818181817 100.0
-0.05 3.185437997724687 100.0
-0.04 3.194523673702225 100.0
-0.03 3.194523673702225 100.0
-0.02 3.1963470319634704 100.0
-0.01 3.207331042382589 100.0
0.0 3.2202415181138586 100.0
0.01 3.240740740740741 100.0
0.02 3.2126168224299065 98.21428571428571
0.03 3.2429245283018866 98.21428571428571
0.04 3.3033033033033035 98.21428571428571
0.05 3.3536585365853657 98.21428571428571
0.06 3.385579937304075 96.42857142857143
0.07 3.4704370179948585 96.42857142857143
0.08 3.5475234270414995 94.64285714285714
0.09 3.688239387613083 94.64285714285714
0.1 3.8350217076700432 94.64285714285714
0.11 3.945371775417299 92.85714285714286
0.12 4.044409199048374 91.07142857142857
0.13 4.3074324324324325 91.07142857142857
0.14 4.488330341113106 89.28571428571429
0.15 4.725168756027001 87.5
0.16 4.963041182682154 83.92857142857143
0.17 5.477855477855478 83.92857142857143
0.18 6.008010680907877 80.35714285714286
0.19 6.480117820324006 78.57142857142857
0.2 7.321131447587354 78.57142857142857
0.21 8.097928436911488 76.78571428571429
0.22 8.620689655172415 71.42857142857143
0.23 9.113300492610838 66.07142857142857
0.24 9.941520467836257 60.714285714285715
0.25 11.34020618556701 58.92857142857143
0.26 12.653061224489797 55.357142857142854
0.27 13.242009132420092 51.785714285714285
0.28 15.300546448087431 50.0
0.29 17.419354838709676 48.214285714285715
0.3 18.89763779527559 42.857142857142854
0.31 21.49532710280374 41.07142857142857
0.32 22.22222222222222 35.714285714285715
0.33 23.376623376623378 32.142857142857146
0.34 25.0 26.785714285714285
0.35000000000000003 28.571428571428573 25.0
0.36 30.232558139534884 23.214285714285715
0.37 30.76923076923077 21.428571428571427
0.38 35.294117647058826 21.428571428571427
0.39 35.714285714285715 17.857142857142858
0.4 31.818181818181817 12.5
0.41000000000000003 29.41176470588235 8.928571428571429
0.42 26.666666666666668 7.142857142857143
0.43 26.666666666666668 7.142857142857143
0.44 30.76923076923077 7.142857142857143
0.45 27.272727272727273 5.357142857142857
0.46 30.0 5.357142857142857
0.47000000000000003 30.0 5.357142857142857
0.48 28.571428571428573 3.5714285714285716
0.49 33.333333333333336 3.5714285714285716
0.5 40.0 3.5714285714285716
0.51 50.0 3.5714285714285716
0.52 50.0 3.5714285714285716
0.53 50.0 3.5714285714285716
0.54 50.0 3.5714285714285716
0.55 50.0 3.5714285714285716
0.56 50.0 3.5714285714285716
0.5700000000000001 50.0 3.5714285714285716
0.58 66.66666666666667 3.5714285714285716
0.59 66.66666666666667 3.5714285714285716
0.6 66.66666666666667 3.5714285714285716
0.61 50.0 1.7857142857142858
0.62 50.0 1.7857142857142858
0.63 50.0 1.7857142857142858
0.64 50.0 1.7857142857142858
0.65 100.0 1.7857142857142858
0.66 100.0 1.7857142857142858
0.67 100.0 1.7857142857142858
0.68 100.0 1.7857142857142858
0.6900000000000001 100.0 1.7857142857142858
0.7000000000000001 100.0 1.7857142857142858
0.71 100.0 1.7857142857142858
0.72 100.0 1.7857142857142858
0.73 100.0 1.7857142857142858
0.74 100.0 1.7857142857142858
0.75 100.0 1.7857142857142858
0.76 100.0 1.7857142857142858
0.77 100.0 1.7857142857142858
0.78 100.0 1.7857142857142858
0.79 100.0 1.7857142857142858
0.8 100.0 1.7857142857142858
0.81 100.0 1.7857142857142858
0.8200000000000001 100.0 1.7857142857142858
0.8300000000000001 NaN 0.0
0.84 NaN 0.0
0.85 NaN 0.0
0.86 NaN 0.0
0.87 NaN 0.0
0.88 NaN 0.0
0.89 NaN 0.0
0.9 NaN 0.0
0.91 NaN 0.0
0.92 NaN 0.0
0.93 NaN 0.0
0.9400000000000001 NaN 0.0
0.9500000000000001 NaN 0.0
0.96 NaN 0.0
0.97 NaN 0.0
0.98 NaN 0.0
0.99 NaN 0.0
1.0 NaN 0.0
