0.0 3.1692133559705717 100.0
0.01 3.1692133559705717 100.0
0.02 3.1692133559705717 100.0
0.03 3.1692133559705717 100.0
0.04 3.1692133559705717 100.0
0.05 3.1692133559705717 100.0
0.06 3.1692133559705717 100.0
0.07 3.1692133559705717 100.0
0.08 3.1692133559705717 100.0
0.09 3.1692133559705717 100.0
0.1 3.1692133559705717 100.0
0.11 3.1692133559705717 100.0
0.12 3.1692133559705717 100.0
0.13 3.1692133559705717 100.0
0.14 3.1692133559705717 100.0
0.15 3.1692133559705717 100.0
0.16 3.1692133559705717 100.0
0.17 3.1692133559705717 100.0
0.18 3.1692133559705717 100.0
0.19 3.1692133559705717 100.0
0.2 3.1692133559705717 100.0
0.21 3.1692133559705717 100.0
0.22 3.1692133559705717 100.0
0.23 3.1692133559705717 100.0
0.24 3.1692133559705717 100.0
0.25 3.1692133559705717 100.0
0.26 3.1692133559705717 100.0
0.27 3.1692133559705717 100.0
0.28 3.1692133559705717 100.0
0.29 3.1692133559705717 100.0
0.3 3.1692133559705717 100.0
0.31 3.1728045325779037 100.0
0.32 3.1764038570618265 100.0
0.33 3.1890660592255125 100.0
0.34 3.2 100.0
0.35000000000000003 3.214695752009185 100.0
0.36 3.2444959443800694 100.0
0.37 3.2710280373831777 100.0
0.38 3.319502074688797 100.0
0.39 3.391883706844337 100.0
0.4 3.506574827802129 100.0
0.41000000000000003 3.610573823339781 100.0
0.42 3.7237643872714963 98.21428571428571
0.43 3.898916967509025 96.42857142857143
0.44 4.1731066460587325 96.42857142857143
0.45 4.5723962743437765 96.42857142857143
0.46 5.10879848628193 96.42857142857143
0.47000000000000003 5.775401069518717 96.42857142857143
0.48 6.553398058252427 96.42857142857143
0.49 7.112375533428165 89.28571428571429
0.5 8.361204013377927 89.28571428571429
0.51 9.504950495049505 85.71428571428571
0.52 10.440835266821345 80.35714285714286
0.53 12.26158038147139 80.35714285714286
0.54 14.285714285714286 76.78571428571429
0.55 18.46846846846847 73.21428571428571
0.56 20.348837209302324 62.5
0.5700000000000001 22.794117647058822 55.357142857142854
0.58 24.347826086956523 50.0
0.59 27.659574468085108 46.42857142857143
0.6 29.487179487179485 41.07142857142857
0.61 33.84615384615385 39.285714285714285
0.62 36.170212765957444 30.357142857142858
0.63 38.095238095238095 28.571428571428573
0.64 41.666666666666664 26.785714285714285
0.65 41.935483870967744 23.214285714285715
0.66 46.15384615384615 21.428571428571427
0.67 42.857142857142854 16.071428571428573
0.68 45.0 16.071428571428573
0.6900000000000001 50.0 12.5
0.7000000000000001 53.84615384615385 12.5
0.71 66.66666666666667 10.714285714285714
0.72 62.5 8.928571428571429
0.73 57.142857142857146 7.142857142857143
0.74 57.142857142857146 7.142857142857143
0.75 60.0 5.357142857142857
0.76 75.0 5.357142857142857
0.77 66.66666666666667 3.5714285714285716
0.78 66.66666666666667 3.5714285714285716
0.79 100.0 1.7857142857142858
0.8 100.0 1.7857142857142858
0.81 100.0 1.7857142857142858
0.8200000000000001 100.0 1.7857142857142858
0.8300000000000001 100.0 1.7857142857142858
0.84 100.0 1.7857142857142858
0.85 100.0 1.7857142857142858
0.86 100.0 1.7857142857142858
0.87 NaN 0.0
0.88 NaN 0.0
0.89 NaN 0.0
0.9 NaN 0.0
0.91 NaN 0.0
0.92 NaN 0.0
0.93 NaN 0.0
0.9400000000000001 NaN 0.0
0.9500000000000001 NaN 0.0
0.96 NaN 0.0
0.97 NaN 0.0
0.98 NaN 0.0
0.99 NaN 0.0
1.0 NaN 0.0
