0.0 3.1692133559705717 100.0 6.143719144267691
0.01 3.2369942196531793 100.0 6.270996640537514
0.02 3.246376811594203 100.0 6.2886019090398655
0.03 3.2596041909196742 100.0 6.313416009019166
0.04 3.297997644287397 100.0 6.3854047890535925
0.05 3.3273915626856803 100.0 6.440483036227717
0.06 3.3633633633633635 100.0 6.5078442765833815
0.07 3.3857315598548974 100.0 6.549707602339181
0.08 3.3536585365853657 98.21428571428571 6.485849056603773
0.09 3.2655576093653726 94.64285714285714 6.31328171530673
0.1 3.1934877896055105 91.07142857142857 6.170598911070781
0.11 3.225806451612903 91.07142857142857 6.230910201588271
0.12 3.2546266751754946 91.07142857142857 6.284658040665434
0.13 3.2776349614395888 91.07142857142857 6.327543424317618
0.14 3.257328990228013 89.28571428571429 6.285355122564424
0.15 3.2131147540983607 87.5 6.198608475648324
0.16 3.253652058432935 87.5 6.274007682458387
0.17 3.2996632996632997 87.5 6.359506813757301
0.18 3.3265444670739988 87.5 6.409417920209287
0.19 3.3515731874145005 87.5 6.4558629776021075
0.2 3.383977900552486 87.5 6.51595744680851
0.21 3.400416377515614 87.5 6.5464261857047426
0.22 3.4289713086074176 87.5 6.5993265993265995
0.23 3.4507042253521125 87.5 6.639566395663956
0.24 3.482587064676617 87.5 6.698564593301436
0.25 3.510028653295129 87.5 6.749311294765841
0.26 3.485838779956427 85.71428571428571 6.69923237962317
0.27 3.5164835164835164 85.71428571428571 6.755805770584096
0.28 3.558191252779837 85.71428571428571 6.832740213523132
0.29 3.5901271503365746 85.71428571428571 6.891600861450109
0.3 3.6308623298033282 85.71428571428571 6.966618287373004
0.31 3.66412213740458 85.71428571428571 7.027818448023426
0.32 3.7065637065637067 85.71428571428571 7.105847520355293
0.33 3.741231488698363 85.71428571428571 7.169529499626587
0.34 3.7007874015748032 83.92857142857143 7.088989441930619
0.35000000000000003 3.6507936507936507 82.14285714285714 6.990881458966565
0.36 3.6888532477947074 82.14285714285714 7.060629316960859
0.37 3.7489812550937245 82.14285714285714 7.1706936866718625
0.38 3.7704918032786887 82.14285714285714 7.210031347962383
0.39 3.648424543946932 78.57142857142857 6.9730586370839935
0.4 3.6256323777403034 76.78571428571429 6.9243156199677935
0.41000000000000003 3.6783575705731395 76.78571428571429 7.020408163265307
0.42 3.6395147313691507 75.0 6.942148760330579
0.43 3.7037037037037037 75.0 7.058823529411764
0.44 3.6870503597122304 73.21428571428571 7.02054794520548
0.45 3.761467889908257 73.21428571428571 7.155322862129144
0.46 3.8353601496725913 73.21428571428571 7.288888888888889
0.47000000000000003 3.923444976076555 73.21428571428571 7.447774750227066
0.48 3.9728682170542635 73.21428571428571 7.536764705882352
0.49 3.8499506416584404 69.64285714285714 7.296538821328345
0.5 3.722334004024145 66.07142857142857 7.047619047619048
0.51 3.5823950870010237 62.5 6.776379477250726
0.52 3.6458333333333335 62.5 6.88976377952756
0.53 3.7194473963868226 62.5 7.021063189568706
0.54 3.5675675675675675 58.92857142857143 6.72782874617737
0.55 3.6464088397790055 58.92857142857143 6.867845993756503
0.56 3.7162162162162162 58.92857142857143 6.991525423728814
0.5700000000000001 3.788748564867968 58.92857142857143 7.119741100323625
0.58 3.8506417736289382 58.92857142857143 7.228915662650603
0.59 3.9239001189060643 58.92857142857143 7.357859531772576
0.6 4.0097205346294045 58.92857142857143 7.508532423208192
0.61 3.7267080745341614 53.57142857142857 6.968641114982579
0.62 3.7831021437578816 53.57142857142857 7.06713780918728
0.63 3.870967741935484 53.57142857142857 7.2202166064981945
0.64 3.937007874015748 53.57142857142857 7.334963325183374
0.65 3.9946737683089215 53.57142857142857 7.434944237918216
0.66 4.1208791208791204 53.57142857142857 7.653061224489794
0.67 4.178272980501393 53.57142857142857 7.7519379844961245
0.68 4.291845493562231 53.57142857142857 7.947019867549668
0.6900000000000001 4.270986745213549 51.785714285714285 7.891156462585034
0.7000000000000001 4.24886191198786 50.0 7.8321678321678325
0.71 4.368174726989079 50.0 8.034433285509325
0.72 4.193548387096774 46.42857142857143 7.6923076923076925
0.73 4.194630872483222 44.642857142857146 7.668711656441718
0.74 4.21792618629174 42.857142857142854 7.68
0.75 4.129263913824057 41.07142857142857 7.504078303425774
0.76 3.8817005545286505 37.5 7.035175879396985
0.77 3.8240917782026767 35.714285714285715 6.908462867012089
0.78 3.9292730844793713 35.714285714285715 7.079646017699115
0.79 4.098360655737705 35.714285714285715 7.352941176470587
0.8 4.246284501061571 35.714285714285715 7.590132827324477
0.81 4.415011037527594 35.714285714285715 7.8585461689587435
0.8200000000000001 4.576659038901602 35.714285714285715 8.113590263691684
0.8300000000000001 4.8076923076923075 35.714285714285715 8.474576271186441
0.84 4.846938775510204 33.92857142857143 8.482142857142858
0.85 5.135135135135135 33.92857142857143 8.92018779342723
0.86 5.084745762711864 32.142857142857146 8.78048780487805
0.87 5.120481927710843 30.357142857142858 8.762886597938143
0.88 5.448717948717949 30.357142857142858 9.23913043478261
0.89 5.841924398625429 30.357142857142858 9.79827089337176
0.9 5.681818181818182 26.785714285714285 9.375
0.91 6.550218340611353 26.785714285714285 10.526315789473685
0.92 7.042253521126761 26.785714285714285 11.152416356877323
0.93 7.772020725388601 26.785714285714285 12.048192771084338
0.9400000000000001 7.7844311377245505 23.214285714285715 11.659192825112108
0.9500000000000001 8.88888888888889 21.428571428571427 12.565445026178011
0.96 8.108108108108109 16.071428571428573 10.778443113772456
0.97 8.98876404494382 14.285714285714286 11.034482758620692
0.98 11.11111111111111 12.5 11.76470588235294
0.99 11.11111111111111 8.928571428571429 9.900990099009901
1.0 9.67741935483871 5.357142857142857 6.8965517241379315
